# Image list with two lines of data per image:
#   IMAGE_ID, QW, QX, QY, QZ, TX, TY, TZ, CAMERA_ID, NAME
#   POINTS2D[] as (X, Y, POINT3D_ID)
# Number of images: 570, mean observations per image: 0.0
0 0.493954 0.657527 -0.447984 0.350683 1.31906 1.91455 -1.16966 1 frame_000000.jpg

1 0.498569 0.656885 -0.444842 0.349353 1.31077 1.90463 -1.19473 1 frame_000010.jpg

2 0.501271 0.660694 -0.441968 0.34187 1.29367 1.90961 -1.2128 1 frame_000020.jpg

3 0.503807 0.660482 -0.439397 0.341867 1.28161 1.90734 -1.23216 1 frame_000030.jpg

4 0.505321 0.658925 -0.437621 0.3449 1.27527 1.90479 -1.24866 1 frame_000040.jpg

5 0.510727 0.660183 -0.424388 0.351016 1.22284 1.9168 -1.30896 1 frame_000050.jpg

6 0.543835 0.640191 -0.408213 0.357436 1.20526 1.82479 -1.4902 1 frame_000060.jpg

7 0.566041 0.603415 -0.408052 0.38598 1.26865 1.70397 -1.59821 1 frame_000070.jpg

8 0.554154 0.578926 -0.434986 0.410542 1.40335 1.67823 -1.52202 1 frame_000080.jpg

9 0.503974 0.580216 -0.478751 0.424451 1.54932 1.78954 -1.26604 1 frame_000090.jpg

10 0.467063 0.605068 -0.498048 0.409504 1.60267 1.91086 -1.12375 1 frame_000100.jpg

11 0.465249 0.635106 -0.496379 0.365777 1.64609 1.96712 -1.1845 1 frame_000110.jpg

12 0.455969 0.661851 -0.498888 0.32428 1.72852 2.05968 -1.20351 1 frame_000120.jpg

13 0.460113 0.678335 -0.490995 0.295095 1.7688 2.12586 -1.31915 1 frame_000130.jpg

14 0.441026 0.682851 -0.498492 0.301191 1.86362 2.20845 -1.2931 1 frame_000140.jpg

15 0.41813 0.68258 -0.513682 0.308841 1.9791 2.27684 -1.24434 1 frame_000150.jpg

16 0.388241 0.68488 -0.545636 0.287211 2.14735 2.3354 -1.13698 1 frame_000160.jpg

17 0.329626 0.685755 -0.594927 0.259131 2.37736 2.41909 -0.792203 1 frame_000170.jpg

18 0.306808 0.669697 -0.626715 0.254172 2.58273 2.38738 -0.664222 1 frame_000180.jpg

19 -0.283255 -0.637461 0.663599 -0.270271 2.8307 2.27987 -0.493931 1 frame_000190.jpg

20 -0.262637 -0.590943 0.706263 -0.288098 3.13238 2.06824 -0.295475 1 frame_000200.jpg

21 -0.235878 -0.53766 0.753196 -0.296613 3.42028 1.78341 -0.00357564 1 frame_000210.jpg

22 -0.212026 -0.489978 0.782886 -0.319463 3.58714 1.58186 0.274732 1 frame_000220.jpg

23 -0.203557 -0.444537 0.802753 -0.341379 3.71494 1.38515 0.418063 1 frame_000230.jpg

24 -0.196929 -0.404344 0.81141 -0.373282 3.80545 1.28087 0.521381 1 frame_000240.jpg

25 -0.186332 -0.366925 0.820464 -0.396844 3.89234 1.1921 0.662384 1 frame_000250.jpg

26 -0.182001 -0.350444 0.822379 -0.409582 3.96733 1.19883 0.717917 1 frame_000260.jpg

27 -0.195514 -0.343143 0.811397 -0.430885 4.06517 1.25494 0.600464 1 frame_000270.jpg

28 -0.202641 -0.332963 0.797774 -0.460032 4.1776 1.31734 0.540337 1 frame_000280.jpg

29 -0.215858 -0.329634 0.787231 -0.474356 4.33215 1.34292 0.413833 1 frame_000290.jpg

30 -0.24218 -0.337842 0.773106 -0.479082 4.47753 1.37822 0.120999 1 frame_000300.jpg

31 -0.260199 -0.334423 0.754547 -0.501115 4.57589 1.41529 -0.0959698 1 frame_000310.jpg

32 -0.296237 -0.310202 0.722933 -0.541651 4.68004 1.28945 -0.4261 1 frame_000320.jpg

33 -0.339009 -0.306209 0.671652 -0.58326 4.72214 1.26013 -0.969431 1 frame_000330.jpg

34 0.302794 0.142764 -0.516236 0.788311 5.04083 1.37613 -0.603056 1 frame_000400.jpg

35 0.173074 0.0222573 -0.553259 0.814527 4.82667 1.76971 1.21634 1 frame_000410.jpg

36 0.0520489 -0.0460186 -0.584836 0.808171 4.05013 2.18725 2.41894 1 frame_000420.jpg

37 -0.0381346 -0.0973284 -0.606862 0.787903 3.22852 2.33455 3.21383 1 frame_000430.jpg

38 -0.0974716 -0.133813 -0.624258 0.763476 2.57073 2.30995 3.68296 1 frame_000440.jpg

39 -0.144316 -0.169539 -0.627381 0.746205 1.98051 2.29404 3.95797 1 frame_000450.jpg

40 -0.189104 -0.21269 -0.614181 0.73606 1.36613 2.34701 4.11011 1 frame_000460.jpg

41 -0.240277 -0.258769 -0.615059 0.704988 0.618835 2.22444 4.29267 1 frame_000470.jpg

42 -0.284923 -0.308953 -0.619127 0.663362 -0.124217 1.96552 4.40751 1 frame_000480.jpg

43 0.32656 0.362871 0.628757 -0.605268 -0.904268 1.52189 4.44501 1 frame_000490.jpg

44 0.32471 0.400142 0.655054 -0.552589 -1.20941 0.914598 4.50317 1 frame_000500.jpg

45 0.301315 0.419573 0.685536 -0.513039 -1.19648 0.328547 4.56158 1 frame_000510.jpg

46 0.25272 0.398825 0.731885 -0.49134 -0.692978 -0.251258 4.6482 1 frame_000520.jpg

47 0.21802 0.345384 0.785557 -0.464842 -0.0543875 -0.779318 4.62929 1 frame_000530.jpg

48 0.211354 0.303243 0.832613 -0.412467 0.289702 -1.33631 4.47887 1 frame_000540.jpg

49 0.216345 0.292424 0.862464 -0.351908 0.320787 -1.88852 4.25077 1 frame_000550.jpg

50 0.188111 0.308967 0.885574 -0.291398 0.350583 -2.5352 3.87248 1 frame_000560.jpg

51 0.156173 0.308606 0.903048 -0.254708 0.538484 -2.93352 3.55308 1 frame_000570.jpg

52 0.136251 0.267269 0.915984 -0.266412 1.03446 -2.84452 3.54344 1 frame_000580.jpg

53 0.100886 0.192041 0.922316 -0.319805 1.881 -2.32319 3.64035 1 frame_000590.jpg

54 0.074443 0.112962 0.912346 -0.386423 2.61691 -1.5231 3.67626 1 frame_000600.jpg

55 0.0467822 0.0343608 0.892738 -0.446823 3.21333 -0.68007 3.51228 1 frame_000610.jpg

56 0.0146172 -0.0565635 0.876328 -0.47816 3.73103 0.0597786 3.07612 1 frame_000620.jpg

57 -0.0143674 -0.153108 0.854081 -0.496888 4.08908 0.803347 2.51178 1 frame_000630.jpg

58 -0.0680087 -0.282906 0.8205 -0.492055 4.34639 1.62778 1.52991 1 frame_000640.jpg

59 -0.128566 -0.385759 0.777156 -0.480301 4.35074 2.22215 0.539081 1 frame_000650.jpg

60 -0.132049 -0.446089 0.766571 -0.442648 4.21806 2.53417 0.298427 1 frame_000660.jpg

61 -0.117644 -0.483161 0.772045 -0.395805 4.10887 2.67458 0.356328 1 frame_000670.jpg

62 -0.062083 -0.475411 0.794723 -0.372218 4.03374 2.57068 0.945734 1 frame_000680.jpg

63 -0.0233691 -0.456379 0.819973 -0.344698 4.01488 2.2689 1.39796 1 frame_000690.jpg

64 0.0150975 -0.427585 0.848947 -0.310212 3.98381 1.82475 1.83154 1 frame_000700.jpg

65 0.0335676 -0.407649 0.875468 -0.257394 4.02584 1.35844 2.00037 1 frame_000710.jpg

66 -0.0102687 -0.441688 0.876398 -0.191657 4.23194 1.33769 1.47869 1 frame_000720.jpg

67 0.483278 0.190634 -0.436742 0.734409 4.37127 0.116866 -1.90829 1 frame_000880.jpg

68 0.388815 0.153492 -0.493814 0.762503 4.54435 0.671594 -0.938096 1 frame_000890.jpg

69 0.25852 0.0894143 -0.591253 0.758678 4.60989 1.23158 0.57678 1 frame_000900.jpg

70 0.137872 0.0285917 -0.672831 0.726272 4.16316 1.34722 1.95416 1 frame_000910.jpg

71 -0.0634547 0.0271282 0.73304 -0.676675 3.69303 1.01461 2.89749 1 frame_000920.jpg

72 0.0126854 0.0940598 0.774493 -0.625422 3.00576 0.572141 3.71909 1 frame_000930.jpg

73 0.0641604 0.149383 0.815346 -0.55568 2.35255 -0.113138 4.19018 1 frame_000940.jpg

74 0.106972 0.216304 0.840539 -0.485041 1.58299 -0.859427 4.40334 1 frame_000950.jpg

75 0.135901 0.285471 0.856343 -0.408306 0.804343 -1.61652 4.3346 1 frame_000960.jpg

76 0.161341 0.353812 0.857875 -0.335911 -0.000555712 -2.20558 4.07966 1 frame_000970.jpg

77 0.169133 0.408346 0.853037 -0.277444 -0.588853 -2.61242 3.73199 1 frame_000980.jpg

78 0.168619 0.480417 0.829 -0.231359 -1.27537 -2.80984 3.36099 1 frame_000990.jpg

79 0.182876 0.548223 0.784652 -0.224343 -1.95603 -2.55668 3.2152 1 frame_001000.jpg

80 0.223598 0.613431 0.724772 -0.22003 -2.70081 -2.06243 3.03478 1 frame_001010.jpg

81 0.283976 0.67151 0.648297 -0.219416 -3.40085 -1.36107 2.75508 1 frame_001020.jpg

82 0.349537 0.704221 0.570059 -0.238599 -3.84511 -0.520214 2.51925 1 frame_001030.jpg

83 0.412744 0.708523 0.505979 -0.267625 -4.05835 0.233653 2.27813 1 frame_001040.jpg

84 0.482795 0.688498 0.446803 -0.305362 -4.1471 0.923704 1.98973 1 frame_001050.jpg

85 0.549921 0.659121 0.395185 -0.327073 -4.22482 1.39029 1.56003 1 frame_001060.jpg

86 0.598275 0.624853 0.363564 -0.345611 -4.25755 1.65627 1.26089 1 frame_001070.jpg

87 0.64637 0.558175 0.342077 -0.391957 -4.20934 1.91523 1.10681 1 frame_001080.jpg

88 0.689843 0.474092 0.299855 -0.457647 -4.073 2.29964 0.82241 1 frame_001090.jpg

89 0.470131 0.427954 0.562295 -0.528825 -2.60146 1.5593 3.44069 1 frame_001140.jpg

90 0.437354 0.484508 0.611974 -0.446612 -2.84363 0.645263 3.43108 1 frame_001150.jpg

91 0.398973 0.528096 0.652929 -0.368264 -2.9799 -0.159922 3.23809 1 frame_001160.jpg

92 0.354544 0.554998 0.688126 -0.304562 -2.94992 -0.820764 3.03924 1 frame_001170.jpg

93 0.309984 0.53129 0.739879 -0.272432 -2.56948 -1.42142 3.04994 1 frame_001180.jpg

94 0.259611 0.469773 0.801699 -0.263049 -1.85179 -1.92162 3.20578 1 frame_001190.jpg

95 0.1936 0.382092 0.861716 -0.271976 -0.846272 -2.24384 3.37258 1 frame_001200.jpg

96 0.140675 0.270719 0.910594 -0.27882 0.214331 -2.34627 3.40675 1 frame_001210.jpg

97 0.102063 0.167403 0.93738 -0.287886 1.10093 -2.19746 3.34946 1 frame_001220.jpg

98 0.0584659 0.052918 0.954532 -0.28749 2.02916 -1.91521 3.1202 1 frame_001230.jpg

99 0.0112415 -0.0591707 0.951923 -0.300358 2.86675 -1.37711 2.80989 1 frame_001240.jpg

100 -0.0216499 -0.147764 0.933683 -0.325474 3.41851 -0.72847 2.54583 1 frame_001250.jpg

101 -0.054729 -0.22606 0.907492 -0.3498 3.82104 -0.0603566 2.20552 1 frame_001260.jpg

102 -0.0898958 -0.288378 0.880351 -0.365703 4.10545 0.492726 1.79786 1 frame_001270.jpg

103 -0.116341 -0.346183 0.851449 -0.376373 4.26498 1.01433 1.4024 1 frame_001280.jpg

104 -0.12297 -0.396439 0.824763 -0.384032 4.29007 1.50447 1.14692 1 frame_001290.jpg

105 -0.142703 -0.435197 0.790608 -0.406423 4.27202 1.95243 0.790906 1 frame_001300.jpg

106 -0.173883 -0.471211 0.758398 -0.4154 4.2303 2.28802 0.322636 1 frame_001310.jpg

107 -0.207768 -0.483132 0.734033 -0.429664 4.22697 2.41907 -0.0967353 1 frame_001320.jpg

108 -0.244953 -0.501306 0.703379 -0.440395 4.15903 2.56158 -0.599264 1 frame_001330.jpg

109 -0.267032 -0.544758 0.667847 -0.431176 3.91055 2.88231 -1.07213 1 frame_001340.jpg

110 -0.278638 -0.585431 0.637762 -0.415802 3.61841 3.17752 -1.43584 1 frame_001350.jpg

111 0.273458 0.624337 -0.61937 0.389622 3.31999 3.48621 -1.6008 1 frame_001360.jpg

112 0.287071 0.67689 -0.585884 0.340808 2.82729 3.82097 -1.93528 1 frame_001370.jpg

113 0.303446 0.729763 -0.539696 0.289993 2.19657 4.15908 -2.23194 1 frame_001380.jpg

114 0.31193 0.745206 -0.522374 0.272934 1.95969 4.27013 -2.38026 1 frame_001390.jpg

115 0.289838 0.729434 -0.553968 0.27756 2.30256 4.33538 -2.17238 1 frame_001400.jpg

116 0.253582 0.700611 -0.608467 0.273145 2.87454 4.28271 -1.77942 1 frame_001410.jpg

117 0.202816 0.67487 -0.660322 0.259598 3.35838 4.24017 -1.18848 1 frame_001420.jpg

118 -0.190691 -0.635841 0.694941 -0.276406 3.76808 3.99267 -1.00775 1 frame_001430.jpg

119 -0.231959 -0.613884 0.687711 -0.310476 3.85505 3.78714 -1.4911 1 frame_001440.jpg

120 -0.30471 -0.607216 0.652264 -0.336144 3.69622 3.56139 -2.34264 1 frame_001450.jpg

121 -0.353606 -0.601191 0.619399 -0.360384 3.52951 3.35258 -2.90511 1 frame_001460.jpg

122 -0.390214 -0.556774 0.612028 -0.403929 3.76688 2.83339 -3.16876 1 frame_001470.jpg

123 0.187266 -0.0168072 -0.492042 0.850026 4.96066 1.6689 1.12686 1 frame_001540.jpg

124 0.0713842 -0.0785415 -0.485634 0.867695 4.17832 2.40367 1.9944 1 frame_001550.jpg

125 -0.0462447 -0.130731 -0.491374 0.859839 3.10444 2.9982 2.68916 1 frame_001560.jpg

126 -0.164013 -0.174953 -0.52119 0.819056 1.7845 3.21416 3.3276 1 frame_001570.jpg

127 -0.278445 -0.257504 -0.558197 0.737954 0.254926 2.82339 3.92435 1 frame_001580.jpg

128 -0.356011 -0.347507 -0.596582 0.629751 -1.05732 1.92601 4.1575 1 frame_001590.jpg

129 0.392859 0.447197 0.638353 -0.488039 -2.16498 0.688167 3.95314 1 frame_001600.jpg

130 0.438398 0.664714 0.546025 -0.260422 -3.84639 0.0843097 2.04969 1 frame_001620.jpg

131 0.482158 0.681742 0.479959 -0.269055 -3.987 0.652725 1.50246 1 frame_001630.jpg

132 0.581715 0.642095 0.383675 -0.319554 -3.96329 1.40579 0.727165 1 frame_001640.jpg

133 0.63264 0.574793 0.323093 -0.40619 -3.68641 1.99171 0.367704 1 frame_001650.jpg

134 0.634053 0.504957 0.325454 -0.486904 -3.38193 2.25927 0.514111 1 frame_001660.jpg

135 -0.17866 -0.533139 0.726415 -0.395178 2.02079 1.69332 0.69787 1 frame_001800.jpg

136 -0.243374 -0.63224 0.641687 -0.359555 1.76725 2.03277 0.129565 1 frame_001810.jpg

137 0.307042 0.685393 -0.562029 0.346533 1.4402 2.21217 -0.329805 1 frame_001820.jpg

138 0.396511 0.684792 -0.508934 0.338859 1.27764 2.1683 -0.809579 1 frame_001830.jpg

139 0.476139 0.648075 -0.472723 0.360311 1.18464 2.00283 -1.25167 1 frame_001840.jpg

140 0.525857 0.61599 -0.439921 0.387944 1.04938 1.86097 -1.59124 1 frame_001850.jpg

141 0.56087 0.567025 -0.425088 0.428027 1.02687 1.66623 -1.85872 1 frame_001860.jpg

142 0.553414 0.537327 -0.444988 0.45497 1.09455 1.63989 -1.89561 1 frame_001870.jpg

143 0.496099 0.552557 -0.511511 0.432346 1.18856 1.87529 -1.62721 1 frame_001880.jpg

144 -0.429491 -0.572239 0.575591 -0.395947 1.25423 2.07458 -1.31016 1 frame_001890.jpg

145 0.360636 0.61451 -0.603212 0.358407 1.12071 2.30069 -1.03204 1 frame_001900.jpg

146 0.294437 0.681179 -0.599993 0.29885 0.831771 2.53567 -0.736583 1 frame_001910.jpg

147 0.223124 0.784803 -0.5608 0.140722 0.438364 2.67567 -0.197557 1 frame_001930.jpg

148 0.183185 0.800831 -0.560485 0.104738 0.387435 2.67426 0.0347088 1 frame_001940.jpg

149 0.146384 0.762832 -0.616123 0.130585 0.628429 2.6277 0.126185 1 frame_001950.jpg

150 -0.124948 -0.690605 0.696166 -0.151017 1.02913 2.50253 0.210763 1 frame_001960.jpg

151 -0.132196 -0.587501 0.767354 -0.220307 1.45517 2.31834 0.128471 1 frame_001970.jpg

152 -0.167866 -0.382314 0.802618 -0.425984 2.03553 1.94449 -0.152797 1 frame_001990.jpg

153 -0.187776 -0.30356 0.779721 -0.514419 2.25041 1.78603 -0.33159 1 frame_002000.jpg

154 -0.209887 -0.240738 0.744987 -0.585651 2.43536 1.63123 -0.490765 1 frame_002010.jpg

155 -0.247073 -0.211322 0.696932 -0.639205 2.51497 1.50029 -0.804523 1 frame_002020.jpg

156 0.284305 0.189428 -0.640105 0.688152 2.5383 1.33776 -1.17771 1 frame_002030.jpg

157 0.33204 0.174393 -0.562844 0.736576 2.48142 1.04238 -1.64495 1 frame_002040.jpg

158 0.388172 0.175123 -0.48237 0.765489 2.32683 0.664177 -2.13025 1 frame_002050.jpg

159 0.449102 0.209266 -0.414169 0.763531 1.9633 0.372317 -2.5844 1 frame_002060.jpg

160 0.482548 0.268278 -0.404711 0.728961 1.61619 0.427563 -2.8531 1 frame_002070.jpg

161 0.490967 0.3413 -0.43718 0.671818 1.34532 0.762157 -2.96919 1 frame_002080.jpg

162 0.464105 0.402284 -0.477757 0.62811 1.19249 1.21465 -2.98031 1 frame_002090.jpg

163 0.422443 0.459063 -0.540211 0.564779 1.14933 1.79811 -2.8015 1 frame_002100.jpg

164 -0.38742 -0.516797 0.586309 -0.488947 1.0052 2.321 -2.56831 1 frame_002110.jpg

165 -0.359134 -0.562576 0.626254 -0.402912 0.901475 2.73706 -2.25511 1 frame_002120.jpg

166 -0.32577 -0.619997 0.643271 -0.309323 0.660232 3.14982 -1.84678 1 frame_002130.jpg

167 0.29457 0.812071 -0.467464 0.187739 -1.21041 3.43271 -1.25525 1 frame_002160.jpg

168 0.3332 0.848541 -0.372515 0.17375 -1.86769 3.11824 -1.27657 1 frame_002170.jpg

169 0.356475 0.873079 -0.294603 0.154488 -2.34461 2.82751 -1.17588 1 frame_002180.jpg

170 0.376946 0.886132 -0.230794 0.139344 -2.67094 2.5598 -1.09204 1 frame_002190.jpg

171 0.413757 0.88537 -0.180336 0.111371 -2.89283 2.37666 -0.991257 1 frame_002200.jpg

172 0.439435 0.877738 -0.157341 0.108243 -2.96221 2.32031 -1.02895 1 frame_002210.jpg

173 0.49234 0.846573 -0.162083 0.121018 -2.9234 2.29638 -1.35348 1 frame_002220.jpg

174 0.563093 0.800612 -0.164372 0.122186 -2.90353 2.19726 -1.68735 1 frame_002230.jpg

175 0.608725 0.759502 -0.173262 0.150302 -2.84562 2.02488 -2.08706 1 frame_002240.jpg

176 0.605596 0.745071 -0.210675 0.183678 -2.65649 2.07363 -2.40664 1 frame_002250.jpg

177 0.573254 0.743501 -0.27524 0.206953 -2.3015 2.37111 -2.61767 1 frame_002260.jpg

178 0.591448 0.696673 -0.309877 0.262321 -1.94975 2.15774 -3.13653 1 frame_002270.jpg

179 0.30285 0.789375 -0.47857 0.23694 -1.25951 3.66557 -1.7826 1 frame_002440.jpg

180 0.371113 0.81628 -0.374659 0.235782 -1.99664 3.14807 -1.98969 1 frame_002450.jpg

181 0.410466 0.827976 -0.317831 0.212029 -2.40164 2.88243 -1.90416 1 frame_002460.jpg

182 0.424506 0.829352 -0.296442 0.20998 -2.52609 2.75071 -1.89818 1 frame_002470.jpg

183 0.424546 0.82696 -0.296017 0.219711 -2.5099 2.71618 -1.95384 1 frame_002480.jpg

184 0.427849 0.821491 -0.299082 0.229451 -2.47056 2.68852 -2.03603 1 frame_002490.jpg

185 0.430064 0.820264 -0.301756 0.226176 -2.4577 2.70543 -2.02658 1 frame_002500.jpg

186 0.43339 0.819818 -0.300302 0.223363 -2.47026 2.70015 -2.01654 1 frame_002510.jpg

187 0.432597 0.820283 -0.299288 0.22455 -2.4783 2.69242 -2.01693 1 frame_002520.jpg

188 0.437377 0.820381 -0.295594 0.219775 -2.50773 2.67951 -1.99821 1 frame_002530.jpg

189 0.44025 0.820507 -0.295253 0.213949 -2.51802 2.69178 -1.97202 1 frame_002540.jpg

190 0.44395 0.819042 -0.29573 0.211241 -2.51712 2.69775 -1.97224 1 frame_002550.jpg

191 0.445948 0.816992 -0.297257 0.212821 -2.50483 2.69531 -1.99538 1 frame_002560.jpg

192 0.445395 0.817233 -0.298543 0.211249 -2.50042 2.70896 -1.98501 1 frame_002570.jpg

193 0.451837 0.815148 -0.298086 0.206209 -2.50419 2.71014 -1.97959 1 frame_002580.jpg

194 0.451266 0.814718 -0.297354 0.210175 -2.50492 2.6959 -1.99888 1 frame_002590.jpg

195 0.450307 0.815248 -0.297196 0.210403 -2.50651 2.69641 -1.99555 1 frame_002600.jpg

196 0.449785 0.815483 -0.297302 0.210458 -2.50652 2.69979 -1.99496 1 frame_002610.jpg

197 0.450342 0.815774 -0.296448 0.209341 -2.51435 2.7003 -1.99072 1 frame_002620.jpg

198 0.459747 0.812013 -0.291381 0.210628 -2.5349 2.65517 -2.03424 1 frame_002630.jpg

199 0.521324 0.784725 -0.268885 0.200324 -2.61969 2.43768 -2.19612 1 frame_002640.jpg

200 0.57559 0.763153 -0.227843 0.185422 -2.81143 2.16702 -2.20859 1 frame_002650.jpg

201 0.581909 0.780672 -0.173531 0.147717 -3.11578 2.03178 -1.80346 1 frame_002660.jpg

202 0.53924 0.81556 -0.160513 0.135349 -3.19042 2.08966 -1.5068 1 frame_002670.jpg

203 0.498903 0.82992 -0.197857 0.152254 -2.99243 2.28481 -1.58303 1 frame_002680.jpg

204 0.444946 0.830934 -0.272924 0.19257 -2.50456 2.59328 -1.81433 1 frame_002690.jpg

205 0.398837 0.839319 -0.314698 0.193487 -2.19214 2.83669 -1.70141 1 frame_002700.jpg

206 0.385403 0.866213 -0.266882 0.172956 -2.45993 2.68004 -1.41708 1 frame_002710.jpg

207 0.403425 0.891 -0.158275 0.135336 -2.97341 2.17255 -1.02541 1 frame_002720.jpg

208 0.408475 0.907499 -0.0295706 0.0933789 -3.37917 1.52645 -0.463601 1 frame_002730.jpg

209 0.420431 0.903523 0.0734047 0.0386853 -3.51642 1.08538 0.14871 1 frame_002740.jpg

210 0.47719 0.866572 0.145738 -0.0101904 -3.53627 0.844023 0.531485 1 frame_002750.jpg

211 0.540737 0.81432 0.193788 -0.0832618 -3.45468 0.911786 0.971078 1 frame_002760.jpg

212 0.597365 0.759504 0.215397 -0.141115 -3.36793 1.1304 1.20741 1 frame_002770.jpg

213 0.650951 0.705999 0.217994 -0.174087 -3.33846 1.36676 1.20732 1 frame_002780.jpg

214 0.69954 0.647787 0.227522 -0.198116 -3.33974 1.52699 1.17633 1 frame_002790.jpg

215 0.761535 0.595589 0.192976 -0.167628 -3.51174 1.50013 0.649141 1 frame_002800.jpg

216 0.812621 0.553672 0.139826 -0.116379 -3.5992 1.42342 -0.0508313 1 frame_002810.jpg

217 0.846015 0.523839 0.0725854 -0.0676964 -3.57259 1.37133 -0.800989 1 frame_002820.jpg

218 0.292403 0.676323 -0.574696 0.356106 0.115634 3.45469 -2.28333 1 frame_002990.jpg

219 0.303871 0.740506 -0.503467 0.325321 -0.620127 3.43994 -2.22428 1 frame_003000.jpg

220 0.293254 0.798164 -0.435843 0.294919 -1.28759 3.34966 -2.01518 1 frame_003010.jpg

221 0.28627 0.844307 -0.367862 0.264335 -1.90359 3.16954 -1.78413 1 frame_003020.jpg

222 0.302919 0.881421 -0.292835 0.213505 -2.51778 2.89171 -1.46604 1 frame_003030.jpg

223 0.300755 0.903142 -0.239432 0.191187 -2.87593 2.62398 -1.23738 1 frame_003040.jpg

224 0.281886 0.916207 -0.208526 0.193964 -3.02695 2.40233 -1.15894 1 frame_003050.jpg

225 0.243374 0.933166 -0.185389 0.18868 -3.18116 2.27309 -0.935336 1 frame_003060.jpg

226 0.248652 0.942285 -0.161076 0.155962 -3.29406 2.16172 -0.66627 1 frame_003070.jpg

227 0.352438 0.911809 -0.158158 0.139203 -3.2115 2.16954 -0.879703 1 frame_003080.jpg

228 0.440434 0.877692 -0.138944 0.12794 -3.21418 2.03393 -1.04729 1 frame_003090.jpg

229 0.48454 0.861032 -0.104819 0.11339 -3.28143 1.85747 -0.979123 1 frame_003100.jpg

230 0.48116 0.869436 -0.060975 0.0940692 -3.38985 1.64606 -0.684688 1 frame_003110.jpg

231 0.396396 0.912838 -0.0138904 0.0969838 -3.51699 1.30949 -0.311731 1 frame_003120.jpg

232 0.32795 0.940363 0.0126813 0.0894689 -3.55859 1.09726 -0.0387175 1 frame_003130.jpg

233 0.296408 0.952083 0.061056 0.0441911 -3.58848 0.810564 0.413791 1 frame_003140.jpg

234 0.382302 0.913318 0.140302 0.00333739 -3.36244 0.650167 0.767837 1 frame_003290.jpg

235 0.420104 0.904524 0.0688431 0.0246891 -3.32874 1.09834 0.352506 1 frame_003300.jpg

236 0.455018 0.889991 0.0233451 0.0181675 -3.20119 1.44231 0.144003 1 frame_003310.jpg

237 0.49315 0.869622 -0.0169335 0.0165878 -3.05345 1.72204 -0.119371 1 frame_003320.jpg

238 0.530931 0.845937 -0.0437981 0.0241807 -2.92279 1.85776 -0.404732 1 frame_003330.jpg

239 0.57384 0.815511 -0.0623857 0.0419208 -2.82942 1.88064 -0.734421 1 frame_003340.jpg

240 0.602369 0.788944 -0.0935481 0.0772535 -2.69481 1.88164 -1.12634 1 frame_003350.jpg

241 0.60799 0.76946 -0.145081 0.13127 -2.42834 1.89564 -1.56068 1 frame_003360.jpg

242 0.563221 0.775162 -0.218433 0.184913 -2.02051 2.08735 -1.79642 1 frame_003370.jpg

243 0.494889 0.788932 -0.279722 0.233298 -1.66188 2.28842 -1.81441 1 frame_003380.jpg

244 0.465534 0.805169 -0.292734 0.222008 -1.59152 2.39413 -1.61079 1 frame_003390.jpg

245 0.449235 0.830627 -0.261082 0.200209 -1.74736 2.34931 -1.36137 1 frame_003400.jpg

246 0.463317 0.843921 -0.211664 0.168322 -1.92643 2.22197 -1.17578 1 frame_003410.jpg

247 0.492117 0.844511 -0.161056 0.136688 -2.07165 2.08225 -1.05156 1 frame_003420.jpg

248 0.508956 0.838797 -0.126325 0.146375 -2.14238 1.91796 -1.10983 1 frame_003430.jpg

249 0.520254 0.837646 -0.0961757 0.135777 -2.19732 1.83545 -1.08016 1 frame_003440.jpg

250 0.485051 0.863715 -0.0759786 0.113792 -2.24128 1.86917 -0.859636 1 frame_003450.jpg

251 0.428529 0.895391 -0.0687422 0.0995611 -2.25144 1.92412 -0.615063 1 frame_003460.jpg

252 0.376626 0.919244 -0.0725348 0.0887839 -2.21902 1.98243 -0.397826 1 frame_003470.jpg

253 0.350872 0.931367 -0.0735433 0.0635277 -2.15905 2.01059 -0.20646 1 frame_003480.jpg

254 0.341323 0.933253 -0.0844948 0.0734675 -2.07477 2.01582 -0.219203 1 frame_003490.jpg

255 0.339888 0.926269 -0.129785 0.0982776 -1.85589 2.10435 -0.342191 1 frame_003500.jpg

256 0.316116 0.920072 -0.19265 0.128161 -1.58439 2.2155 -0.392018 1 frame_003510.jpg

257 0.290804 0.913618 -0.231671 0.164512 -1.43052 2.24892 -0.427685 1 frame_003520.jpg

258 0.256811 0.907766 -0.265434 0.198884 -1.34184 2.27063 -0.421364 1 frame_003530.jpg

259 0.213405 0.908479 -0.300863 0.19648 -1.23841 2.32039 -0.248823 1 frame_003540.jpg

260 0.186188 0.911583 -0.316941 0.184116 -1.19234 2.30838 -0.0881304 1 frame_003550.jpg

261 0.186188 0.928417 -0.294923 0.128047 -1.23351 2.22409 0.159062 1 frame_003560.jpg

262 0.211806 0.936519 -0.261492 0.0984475 -1.28915 2.13879 0.238 1 frame_003570.jpg

263 0.253162 0.933262 -0.241028 0.0826797 -1.28503 2.12711 0.202562 1 frame_003580.jpg

264 0.298589 0.914063 -0.254878 0.101833 -1.14296 2.20182 -0.0171262 1 frame_003590.jpg

265 0.33977 0.88542 -0.293926 0.119145 -0.873661 2.29412 -0.245628 1 frame_003600.jpg

266 0.360948 0.856569 -0.34109 0.140226 -0.573386 2.37692 -0.424885 1 frame_003610.jpg

267 0.378761 0.822924 -0.382973 0.180744 -0.340143 2.38774 -0.647904 1 frame_003620.jpg

268 0.344177 0.803492 -0.43954 0.206753 -0.0986797 2.44611 -0.608202 1 frame_003630.jpg

269 0.303621 0.781886 -0.498882 0.218142 0.178188 2.48655 -0.510423 1 frame_003640.jpg

270 0.275216 0.764408 -0.545407 0.206077 0.417627 2.51111 -0.403999 1 frame_003650.jpg

271 0.237649 0.737216 -0.601934 0.194196 0.70665 2.509 -0.226561 1 frame_003660.jpg

272 0.203278 0.704111 -0.652121 0.194021 0.968917 2.45907 -0.0540246 1 frame_003670.jpg

273 -0.170735 -0.651057 0.704043 -0.226491 1.23282 2.35125 0.0862221 1 frame_003680.jpg

274 -0.138514 -0.57696 0.761797 -0.259994 1.53724 2.14779 0.275559 1 frame_003690.jpg

275 -0.105426 -0.487949 0.816706 -0.289453 1.81521 1.85195 0.533322 1 frame_003700.jpg

276 -0.0704782 -0.374857 0.868411 -0.316823 2.03344 1.4322 0.8699 1 frame_003710.jpg

277 -0.0111093 -0.257557 0.902031 -0.346238 2.00249 1.0348 1.31544 1 frame_003720.jpg

278 0.0248616 -0.0761128 0.889825 -0.449222 1.68939 0.779021 1.66353 1 frame_003740.jpg

279 0.0215618 -0.00629728 0.848741 -0.528331 1.5692 0.892003 1.65877 1 frame_003750.jpg

280 0.0292515 0.0395703 0.799452 -0.598711 1.42851 1.10502 1.62369 1 frame_003760.jpg

281 0.0231281 0.0460204 0.763838 -0.64335 1.34151 1.29841 1.52406 1 frame_003770.jpg

282 0.0732045 0.0876609 0.734779 -0.668623 1.08306 1.45331 1.58866 1 frame_003780.jpg

283 0.0973468 0.115588 0.709239 -0.68858 0.902297 1.57123 1.59933 1 frame_003790.jpg

284 -0.113592 -0.127597 -0.682177 0.710951 0.782176 1.71395 1.56354 1 frame_003800.jpg

285 -0.0970669 -0.120727 -0.647007 0.746582 0.837285 1.89719 1.43349 1 frame_003810.jpg

286 -0.0819179 -0.102847 -0.604914 0.78536 0.901664 2.06989 1.24536 1 frame_003820.jpg

287 -0.0795227 -0.102906 -0.568879 0.812074 0.923476 2.17209 1.10702 1 frame_003830.jpg

288 -0.0552417 -0.0878209 -0.53888 0.835969 1.05036 2.23341 0.927302 1 frame_003840.jpg

289 0.00568138 -0.039513 -0.514207 0.856736 1.29342 2.23895 0.640155 1 frame_003850.jpg

290 0.0743816 0.0168865 -0.501591 0.861736 1.49046 2.17161 0.342371 1 frame_003860.jpg

291 0.127314 0.0801301 -0.505098 0.849851 1.57029 2.11179 0.115673 1 frame_003870.jpg

292 0.170512 0.126348 -0.501436 0.838763 1.62688 2.037 -0.0870787 1 frame_003880.jpg

293 0.184797 0.149011 -0.528023 0.815375 1.64925 1.97689 -0.068249 1 frame_003890.jpg

294 0.212133 0.191291 -0.544977 0.788294 1.67572 1.91896 -0.13909 1 frame_003900.jpg

295 0.228978 0.242482 -0.579055 0.743954 1.67449 1.8954 -0.141566 1 frame_003910.jpg

296 0.239213 0.284609 -0.597222 0.710704 1.68341 1.88652 -0.200921 1 frame_003920.jpg

297 0.259253 0.319563 -0.589272 0.695289 1.6866 1.89868 -0.390993 1 frame_003930.jpg

298 0.297862 0.339199 -0.572793 0.684201 1.73689 1.85785 -0.6636 1 frame_003940.jpg

299 0.338893 0.353138 -0.542426 0.682802 1.74183 1.78912 -0.981893 1 frame_003950.jpg

300 0.363628 0.356722 -0.510701 0.69261 1.70755 1.72681 -1.23566 1 frame_003960.jpg

301 0.38153 0.331116 -0.472463 0.722202 1.70615 1.57835 -1.46431 1 frame_003970.jpg

302 0.366381 0.260617 -0.437165 0.778929 1.8238 1.40686 -1.5176 1 frame_003980.jpg

303 0.327271 0.191951 -0.400419 0.834094 1.90994 1.31509 -1.50989 1 frame_003990.jpg

304 0.243862 0.120897 -0.370132 0.88821 1.96549 1.39285 -1.3635 1 frame_004000.jpg

305 0.130038 0.0462896 -0.36467 0.920849 1.97264 1.6551 -1.03582 1 frame_004010.jpg

306 0.0183033 -0.0357712 -0.351405 0.935361 1.90664 1.87957 -0.721808 1 frame_004020.jpg

307 -0.125569 -0.137614 -0.361427 0.9136 1.66427 2.21667 -0.168306 1 frame_004030.jpg

308 -0.24198 -0.193745 -0.394193 0.865171 1.2248 2.47067 0.294748 1 frame_004040.jpg

309 -0.337182 -0.247829 -0.476954 0.772919 0.629152 2.49261 0.943542 1 frame_004050.jpg

310 -0.422736 -0.318594 -0.541069 0.65348 -0.0661605 2.20661 1.48432 1 frame_004060.jpg

311 0.478525 0.379036 0.568552 -0.551447 -0.598185 1.83859 1.68715 1 frame_004070.jpg

312 0.505253 0.429776 0.57343 -0.480823 -0.90726 1.56413 1.70929 1 frame_004080.jpg

313 0.741474 0.620842 0.135346 -0.215529 -1.58609 1.88246 -0.362375 1 frame_004150.jpg

314 0.721722 0.664703 0.1074 -0.160475 -1.58822 1.8288 -0.364278 1 frame_004160.jpg

315 0.691054 0.705245 0.101543 -0.121507 -1.58827 1.77284 -0.273198 1 frame_004170.jpg

316 0.651783 0.730299 0.137788 -0.151184 -1.56148 1.7077 0.0493743 1 frame_004180.jpg

317 0.600021 0.75598 0.190221 -0.17968 -1.5227 1.61062 0.40824 1 frame_004190.jpg

318 0.539656 0.770709 0.270641 -0.203796 -1.46898 1.39522 0.810657 1 frame_004200.jpg

319 0.341686 0.760059 0.515614 -0.199256 -1.35127 0.354472 1.53343 1 frame_004250.jpg

320 0.336702 0.819329 0.435289 -0.160797 -1.58288 0.503422 1.31653 1 frame_004260.jpg

321 0.336395 0.873847 0.330547 -0.118186 -1.75039 0.780604 1.02806 1 frame_004270.jpg

322 0.342271 0.910888 0.221995 -0.0620678 -1.81048 1.08772 0.696094 1 frame_004280.jpg

323 0.362355 0.926927 0.0973946 0.00443584 -1.65785 1.47271 0.289721 1 frame_004290.jpg

324 0.38166 0.920863 -0.0255618 0.0754608 -1.3821 1.78757 -0.0718341 1 frame_004300.jpg

325 0.406317 0.89671 -0.124289 0.123973 -1.07733 1.98877 -0.364116 1 frame_004310.jpg

326 0.439326 0.867533 -0.164419 0.165363 -0.919217 2.03303 -0.617942 1 frame_004320.jpg

327 0.48762 0.840609 -0.153864 0.178689 -0.904223 1.98228 -0.835711 1 frame_004330.jpg

328 0.543082 0.816993 -0.122651 0.150135 -0.929829 1.92131 -0.974082 1 frame_004340.jpg

329 0.571903 0.810824 -0.084967 0.0909511 -0.984685 1.91798 -0.953018 1 frame_004350.jpg

330 0.586772 0.808584 -0.030289 0.0312157 -1.12084 1.90513 -0.888146 1 frame_004360.jpg

331 0.612128 0.790311 0.0231388 -0.0131225 -1.27491 1.85439 -0.900023 1 frame_004370.jpg

332 0.655189 0.751211 0.0635502 -0.0486805 -1.38943 1.76988 -1.01953 1 frame_004380.jpg

333 0.693672 0.708714 0.100342 -0.0804683 -1.52214 1.69313 -1.10968 1 frame_004390.jpg

334 0.749331 0.651453 0.0914542 -0.0758147 -1.51151 1.44833 -1.41923 1 frame_004400.jpg

335 0.787438 0.609712 0.067201 -0.0606359 -1.44294 1.28168 -1.68357 1 frame_004410.jpg

336 0.813875 0.573628 0.0684012 -0.0622837 -1.45574 1.13417 -1.84807 1 frame_004420.jpg

337 0.782636 0.571636 -0.144579 0.199523 -0.112665 1.25959 -2.60603 1 frame_004460.jpg

338 0.751262 0.589142 -0.190019 0.22893 0.122739 1.20146 -2.60719 1 frame_004470.jpg

339 0.697866 0.632626 -0.231117 0.243625 0.349048 1.4635 -2.55597 1 frame_004480.jpg

340 0.633749 0.672945 -0.272401 0.26703 0.562129 1.78786 -2.42043 1 frame_004490.jpg

341 0.556972 0.710481 -0.318435 0.289136 0.766185 2.13066 -2.12936 1 frame_004500.jpg

342 0.51089 0.72341 -0.368391 0.28277 1.00344 2.29026 -1.88314 1 frame_004510.jpg

343 0.466504 0.719068 -0.428726 0.285498 1.32394 2.35312 -1.59158 1 frame_004520.jpg

344 0.41989 0.692939 -0.504307 0.298668 1.74298 2.29011 -1.21697 1 frame_004530.jpg

345 0.359237 0.662561 -0.579952 0.309219 2.10019 2.17524 -0.708881 1 frame_004540.jpg

347 -0.241315 -0.575537 0.707629 -0.331338 2.43217 1.7436 0.28888 1 frame_004560.jpg

348 -0.217302 -0.522987 0.742167 -0.358402 2.42566 1.55211 0.558146 1 frame_004570.jpg

349 -0.204584 -0.47974 0.756673 -0.394259 2.35669 1.47348 0.696278 1 frame_004580.jpg

350 -0.207593 -0.456805 0.750387 -0.430295 2.25926 1.51798 0.668932 1 frame_004590.jpg

351 -0.208009 -0.437604 0.732316 -0.478486 2.13664 1.64307 0.618148 1 frame_004600.jpg

352 -0.233018 -0.423759 0.698073 -0.528039 2.09037 1.77013 0.401345 1 frame_004610.jpg

353 -0.266896 -0.436628 0.661944 -0.547679 2.08171 1.87581 0.124424 1 frame_004620.jpg

354 -0.312883 -0.463673 0.61782 -0.552639 2.08157 1.95097 -0.248412 1 frame_004630.jpg

355 -0.346557 -0.492397 0.593431 -0.534118 2.11299 1.96754 -0.505333 1 frame_004640.jpg

356 -0.355273 -0.512549 0.595381 -0.506553 2.20039 1.96159 -0.565247 1 frame_004650.jpg

357 -0.340269 -0.536563 0.623461 -0.455646 2.33534 1.95518 -0.450826 1 frame_004660.jpg

358 -0.341362 -0.548678 0.648853 -0.401765 2.50584 1.86793 -0.430455 1 frame_004670.jpg

359 -0.366362 -0.579653 0.632148 -0.360792 2.5051 1.90639 -0.682765 1 frame_004680.jpg

360 0.3869 0.618461 -0.592113 0.342369 2.34786 2.08096 -0.975818 1 frame_004690.jpg

361 0.406998 0.662968 -0.531109 0.335783 2.04968 2.32519 -1.31289 1 frame_004700.jpg

362 0.431813 0.703788 -0.473478 0.306657 1.70716 2.4991 -1.64645 1 frame_004710.jpg

363 0.43594 0.745403 -0.439568 0.247205 1.39994 2.68371 -1.75468 1 frame_004720.jpg

364 0.41557 0.787283 -0.407316 0.203915 1.09308 2.90565 -1.68628 1 frame_004730.jpg

365 0.399036 0.830624 -0.346864 0.174697 0.626205 3.10399 -1.63182 1 frame_004740.jpg

366 0.538296 0.81388 -0.174889 0.13134 -0.38448 2.66412 -2.50573 1 frame_004770.jpg

367 0.599435 0.780324 -0.131463 0.120373 -0.621583 2.31156 -2.84033 1 frame_004780.jpg

368 0.631265 0.758824 -0.107527 0.118859 -0.689152 2.14089 -3.04119 1 frame_004790.jpg

369 0.684798 0.713978 -0.0828512 0.120096 -0.743744 1.67331 -3.31492 1 frame_004800.jpg

370 0.71195 0.695479 -0.0301207 0.0923525 -1.15208 1.43625 -3.33921 1 frame_004810.jpg

371 0.731999 0.678603 0.0449663 0.0406629 -1.75903 1.20681 -3.17416 1 frame_004820.jpg

372 0.74802 0.65283 0.117885 -0.0195471 -2.32824 0.987355 -2.8686 1 frame_004830.jpg

373 0.751271 0.621352 0.197124 -0.103228 -2.92549 0.877129 -2.30727 1 frame_004840.jpg

374 0.748355 0.582263 0.255247 -0.189166 -3.30683 0.873816 -1.69742 1 frame_004850.jpg

375 0.732932 0.547084 0.294053 -0.277566 -3.50798 1.06479 -1.09696 1 frame_004860.jpg

376 0.73838 0.50875 0.279916 -0.342952 -3.52161 1.27385 -0.941089 1 frame_004870.jpg

377 0.765213 0.4773 0.232953 -0.363822 -3.46317 1.33419 -1.21594 1 frame_004880.jpg

378 0.82829 0.554426 -0.018701 -0.0787326 -1.94165 0.733793 -3.34436 1 frame_004910.jpg

379 0.741401 0.632559 -0.183933 0.127915 -0.0678584 1.28107 -3.71885 1 frame_004920.jpg

380 0.44913 0.70005 -0.461547 0.308523 2.09696 2.66202 -2.17704 1 frame_004960.jpg

381 0.392698 0.669181 -0.536732 0.331517 2.5565 2.59639 -1.58208 1 frame_004970.jpg

382 0.359176 0.627923 -0.579843 0.374816 2.81358 2.46464 -1.19488 1 frame_004980.jpg

383 0.352733 0.593874 -0.575066 0.438397 2.84524 2.42829 -1.1232 1 frame_004990.jpg

384 0.402887 0.600676 -0.504504 0.471536 2.53376 2.42915 -1.72005 1 frame_005000.jpg

385 0.489278 0.636177 -0.395784 0.446363 1.8597 2.2743 -2.6163 1 frame_005010.jpg

386 0.553775 0.662899 -0.307035 0.399535 1.16577 2.05642 -3.14149 1 frame_005020.jpg

387 0.588568 0.70298 -0.233589 0.323796 0.453057 2.04495 -3.23397 1 frame_005030.jpg

388 0.560812 0.820037 -0.0171793 0.112849 -1.49675 2.48561 -2.50097 1 frame_005060.jpg

389 0.510718 0.857178 0.0627856 0.0216934 -2.11353 2.77139 -1.69274 1 frame_005070.jpg

390 0.601668 0.7925 0.0984523 0.0157178 -2.09652 2.00494 -2.1237 1 frame_005080.jpg

391 0.631899 0.764137 0.127837 -0.0213534 -2.16663 1.74634 -2.07376 1 frame_005090.jpg

392 0.655065 0.734273 0.168065 -0.0590589 -2.34959 1.53847 -1.92589 1 frame_005100.jpg

393 0.67501 0.702397 0.205788 -0.0930147 -2.51426 1.35566 -1.75629 1 frame_005110.jpg

394 0.681731 0.693588 0.204808 -0.110598 -2.51612 1.3994 -1.68678 1 frame_005120.jpg

395 0.685209 0.704376 0.150818 -0.107685 -2.24465 1.5874 -1.84779 1 frame_005130.jpg

396 0.689582 0.715855 0.0822945 -0.0725035 -1.86223 1.71784 -2.11907 1 frame_005140.jpg

397 0.692484 0.721395 -0.000685914 -0.0074181 -1.29341 1.75229 -2.43088 1 frame_005150.jpg

398 0.667596 0.739133 -0.0723605 0.0525531 -0.762534 1.94704 -2.49054 1 frame_005160.jpg

399 0.641401 0.7489 -0.136515 0.0954807 -0.310151 2.08998 -2.43295 1 frame_005170.jpg

400 0.629854 0.743549 -0.181167 0.132655 0.0645151 2.0844 -2.37807 1 frame_005180.jpg

401 0.621361 0.735162 -0.211362 0.169624 0.321967 2.05032 -2.31414 1 frame_005190.jpg

402 0.610431 0.72698 -0.241114 0.201838 0.528227 2.04006 -2.22099 1 frame_005200.jpg

403 0.601777 0.710038 -0.283826 0.230551 0.774182 1.98056 -2.11544 1 frame_005210.jpg

404 0.56882 0.698602 -0.340651 0.268991 1.05139 2.01513 -1.88356 1 frame_005220.jpg

405 0.530772 0.689183 -0.392738 0.298437 1.27882 2.0521 -1.628 1 frame_005230.jpg

406 0.484181 0.693561 -0.427338 0.319254 1.38597 2.1384 -1.35199 1 frame_005240.jpg

407 0.456106 0.699227 -0.454271 0.310944 1.47788 2.16712 -1.17852 1 frame_005250.jpg

408 0.431264 0.684839 -0.504795 0.300316 1.72819 2.08971 -0.982161 1 frame_005260.jpg

409 0.401166 0.663416 -0.55301 0.305164 1.97968 2.00026 -0.747292 1 frame_005270.jpg

410 0.382334 0.626267 -0.591934 0.333504 2.19685 1.87568 -0.549412 1 frame_005280.jpg

411 -0.366883 -0.592359 0.610055 -0.37728 2.30921 1.82552 -0.396446 1 frame_005290.jpg

412 -0.379065 -0.557882 0.611708 -0.41339 2.40824 1.75598 -0.428068 1 frame_005300.jpg

413 -0.40818 -0.534001 0.595086 -0.440573 2.48089 1.70738 -0.626289 1 frame_005310.jpg

414 -0.470665 -0.536127 0.548513 -0.436092 2.45296 1.64416 -1.14626 1 frame_005320.jpg

415 0.530452 0.555899 -0.477177 0.426497 2.22399 1.62542 -1.76077 1 frame_005330.jpg

416 0.563534 0.583175 -0.416245 0.41119 1.93775 1.65148 -2.1993 1 frame_005340.jpg

417 0.57789 0.599882 -0.390089 0.392448 1.78833 1.67912 -2.41336 1 frame_005350.jpg

418 0.589743 0.592174 -0.383301 0.39321 1.81843 1.60783 -2.54631 1 frame_005360.jpg

419 0.607515 0.565387 -0.390608 0.398358 1.97431 1.43597 -2.64673 1 frame_005370.jpg

420 0.627894 0.52202 -0.411165 0.405201 2.22229 1.16311 -2.69167 1 frame_005380.jpg

421 0.614153 0.459992 -0.467104 0.43936 2.71463 0.939328 -2.3992 1 frame_005390.jpg

422 0.567048 0.419592 -0.522001 0.479494 3.08049 0.943744 -1.926 1 frame_005400.jpg

423 0.527014 0.397612 -0.559808 0.500775 3.2751 0.996247 -1.57308 1 frame_005410.jpg

424 -0.487971 -0.413583 0.593653 -0.488272 3.32771 1.16501 -1.37904 1 frame_005420.jpg

425 -0.428032 -0.455455 0.626356 -0.465863 3.27442 1.51344 -1.15632 1 frame_005430.jpg

426 -0.327529 -0.435696 0.686685 -0.480996 3.36429 1.6965 -0.396843 1 frame_005440.jpg

427 -0.258132 -0.385972 0.733162 -0.496857 3.40706 1.61324 0.2477 1 frame_005450.jpg

428 -0.212394 -0.333926 0.744669 -0.537448 3.37111 1.60437 0.685491 1 frame_005460.jpg

429 -0.234374 -0.312925 0.730596 -0.559801 3.49435 1.56325 0.567168 1 frame_005470.jpg

430 -0.261198 -0.351564 0.720826 -0.537205 3.60583 1.63422 0.243021 1 frame_005480.jpg

431 -0.239174 -0.394424 0.738991 -0.491039 3.63684 1.73693 0.264073 1 frame_005490.jpg

432 -0.188219 -0.421365 0.762922 -0.452742 3.61543 1.83114 0.546575 1 frame_005500.jpg

433 -0.157123 -0.4394 0.774566 -0.426952 3.60406 1.86536 0.668584 1 frame_005510.jpg

434 -0.150133 -0.454741 0.803212 -0.35429 3.71751 1.68821 0.633779 1 frame_005520.jpg

435 -0.151198 -0.469037 0.814844 -0.305244 3.79664 1.63518 0.497759 1 frame_005530.jpg

436 -0.161496 -0.477499 0.815927 -0.283156 3.86876 1.64948 0.32106 1 frame_005540.jpg

437 -0.185865 -0.475168 0.80825 -0.293943 3.94606 1.68858 0.0934558 1 frame_005550.jpg

438 -0.19882 -0.479658 0.792321 -0.320353 3.94794 1.84359 -0.0456184 1 frame_005560.jpg

439 -0.190537 -0.465932 0.785578 -0.35982 3.97092 1.90446 0.0492176 1 frame_005570.jpg

440 -0.170253 -0.425249 0.795053 -0.397578 4.06348 1.77704 0.350158 1 frame_005580.jpg

441 -0.145309 -0.370089 0.806652 -0.437301 4.12483 1.60131 0.775882 1 frame_005590.jpg

442 -0.120965 -0.335532 0.807011 -0.470659 4.07525 1.59491 1.11615 1 frame_005600.jpg

443 -0.0580214 -0.287687 0.80786 -0.511109 3.82824 1.63625 1.75878 1 frame_005610.jpg

444 -0.0395535 -0.270126 0.795892 -0.540392 3.70226 1.75779 1.90595 1 frame_005620.jpg

445 -0.0616925 -0.277471 0.779834 -0.55773 3.77272 1.87134 1.66251 1 frame_005630.jpg

446 -0.0922731 -0.303767 0.764453 -0.561091 3.86592 2.00119 1.27837 1 frame_005640.jpg

447 -0.112182 -0.345748 0.762923 -0.534623 3.90071 2.10473 0.956127 1 frame_005650.jpg

448 -0.112975 -0.383541 0.775015 -0.489372 3.88677 2.1552 0.840108 1 frame_005660.jpg

449 -0.106893 -0.41216 0.79128 -0.438832 3.88008 2.15018 0.825104 1 frame_005670.jpg

450 -0.0952736 -0.435826 0.800853 -0.399517 3.85026 2.17719 0.857651 1 frame_005680.jpg

451 -0.103946 -0.461978 0.794479 -0.380231 3.83564 2.29048 0.706234 1 frame_005690.jpg

452 -0.128574 -0.480687 0.778442 -0.382672 3.8254 2.41724 0.436889 1 frame_005700.jpg

453 -0.146814 -0.494004 0.761361 -0.393364 3.78917 2.54001 0.227466 1 frame_005710.jpg

454 -0.175569 -0.495239 0.747049 -0.407224 3.81181 2.55059 -0.0382134 1 frame_005720.jpg

455 -0.197977 -0.487796 0.736653 -0.424502 3.8423 2.51119 -0.222709 1 frame_005730.jpg

456 -0.217635 -0.474458 0.729371 -0.442202 3.88504 2.42965 -0.361508 1 frame_005740.jpg

457 -0.234893 -0.451213 0.729465 -0.457289 3.96136 2.26228 -0.431931 1 frame_005750.jpg

458 -0.218418 -0.414616 0.742534 -0.478571 4.03407 2.11553 -0.156619 1 frame_005760.jpg

459 -0.201478 -0.376298 0.751944 -0.50238 4.07042 1.98061 0.125553 1 frame_005770.jpg

460 -0.199621 -0.336079 0.738055 -0.54998 4.08058 1.91852 0.241189 1 frame_005780.jpg

461 -0.231433 -0.324054 0.699709 -0.593158 4.09835 1.93266 -0.0656403 1 frame_005790.jpg

462 -0.275411 -0.343944 0.667852 -0.599855 4.10249 1.93631 -0.550624 1 frame_005800.jpg

463 -0.295515 -0.379171 0.644424 -0.594658 4.03869 2.08547 -0.896814 1 frame_005810.jpg

464 -0.296975 -0.428916 0.63224 -0.572808 3.93825 2.36541 -1.12531 1 frame_005820.jpg

465 -0.282836 -0.473632 0.645089 -0.528713 3.90111 2.60774 -1.10687 1 frame_005830.jpg

466 -0.290847 -0.520526 0.639847 -0.484826 3.80902 2.79852 -1.33003 1 frame_005840.jpg

467 -0.341513 -0.55075 0.594139 -0.476489 3.60875 2.84411 -1.99949 1 frame_005850.jpg

468 0.393765 0.562425 -0.531439 0.496186 3.30704 2.74796 -2.68195 1 frame_005860.jpg

469 0.420994 0.530902 -0.496759 0.542345 3.36083 2.44678 -2.95327 1 frame_005870.jpg

470 0.173421 0.191284 -0.640293 0.723437 4.50337 2.21458 0.601771 1 frame_005930.jpg

471 -0.102919 -0.17489 0.693452 -0.691336 4.24126 2.21099 1.37921 1 frame_005940.jpg

472 -0.0200652 -0.134269 0.749776 -0.647615 3.85585 1.9985 2.36956 1 frame_005950.jpg

473 0.0478687 -0.0795914 0.785916 -0.611319 3.40767 1.62555 3.17523 1 frame_005960.jpg

474 0.126401 -0.00233213 0.79778 -0.589546 2.66548 1.28818 3.93801 1 frame_005970.jpg

475 0.203072 0.0777837 0.780585 -0.586002 1.73012 1.18817 4.45866 1 frame_005980.jpg

476 0.276641 0.135571 0.732928 -0.606553 0.8102 1.54474 4.64735 1 frame_005990.jpg

477 0.272561 0.125781 0.696696 -0.65154 0.901853 2.08427 4.4826 1 frame_006000.jpg

478 0.241015 0.0602357 0.705232 -0.664026 1.4599 2.29131 4.28669 1 frame_006010.jpg

479 0.175349 -0.0368341 0.748676 -0.638263 2.39512 2.16976 3.96149 1 frame_006020.jpg

480 0.111121 -0.136845 0.782147 -0.597639 3.21638 2.1058 3.4117 1 frame_006030.jpg

481 0.0268402 -0.22573 0.79713 -0.559383 3.97899 2.11156 2.55543 1 frame_006040.jpg

482 -0.0760265 -0.296076 0.803803 -0.510353 4.59874 1.99707 1.46457 1 frame_006050.jpg

483 -0.148554 -0.363183 0.800873 -0.452364 4.84544 2.04841 0.534697 1 frame_006060.jpg

484 -0.234299 -0.432123 0.768275 -0.410033 4.80986 2.2484 -0.625753 1 frame_006070.jpg

485 -0.299855 -0.492825 0.711345 -0.401495 4.45781 2.58495 -1.60922 1 frame_006080.jpg

486 -0.348354 -0.549145 0.640572 -0.408359 3.89684 2.94395 -2.42614 1 frame_006090.jpg

487 -0.382928 -0.566684 0.581451 -0.440625 3.52809 2.96908 -2.97199 1 frame_006100.jpg

488 0.421177 0.552349 -0.53309 0.483049 3.38048 2.66898 -3.42098 1 frame_006110.jpg

489 0.245457 0.150094 -0.555187 0.780378 4.9462 1.84508 -0.0415284 1 frame_006180.jpg

490 0.184994 0.0911721 -0.606551 0.767829 4.77258 1.79201 0.974677 1 frame_006190.jpg

491 0.140241 0.0661365 -0.646381 0.747094 4.53839 1.74329 1.59109 1 frame_006200.jpg

492 0.0901049 0.0328646 -0.680405 0.726533 4.20787 1.63099 2.24 1 frame_006210.jpg

493 -0.0404132 0.00708643 0.717205 -0.695654 3.81471 1.39277 2.88505 1 frame_006220.jpg

494 0.0160067 0.0474928 0.75495 -0.653864 3.31221 1.0447 3.4909 1 frame_006230.jpg

495 0.0496572 0.0738197 0.783096 -0.615504 2.9442 0.670874 3.81424 1 frame_006240.jpg

496 0.0850992 0.0853143 0.807248 -0.57778 2.60724 0.376562 4.02779 1 frame_006250.jpg

497 0.104682 0.0973013 0.831871 -0.536252 2.37148 -0.0326554 4.12957 1 frame_006260.jpg

498 0.0724268 0.0985408 0.856762 -0.501002 2.52719 -0.514211 3.94542 1 frame_006270.jpg

499 0.0684194 0.100492 0.882435 -0.454455 2.49198 -0.957383 3.84006 1 frame_006280.jpg

500 0.0843209 0.115564 0.893989 -0.42464 2.2849 -1.24552 3.85789 1 frame_006290.jpg

501 0.0887756 0.140108 0.901728 -0.399218 2.09634 -1.55388 3.84844 1 frame_006300.jpg

502 0.110557 0.189793 0.896026 -0.385867 1.64497 -1.79689 3.97619 1 frame_006310.jpg

503 0.130975 0.252286 0.878197 -0.384667 1.10832 -1.93739 4.13612 1 frame_006320.jpg

504 0.149693 0.314692 0.860135 -0.372463 0.536858 -2.11179 4.2149 1 frame_006330.jpg

505 0.170939 0.351596 0.848876 -0.355766 0.102896 -2.23002 4.23021 1 frame_006340.jpg

506 0.194654 0.374723 0.837469 -0.346898 -0.25595 -2.23643 4.24449 1 frame_006350.jpg

507 0.212045 0.39443 0.82717 -0.339488 -0.558232 -2.23023 4.22897 1 frame_006360.jpg

508 0.225233 0.412501 0.810092 -0.350522 -0.812645 -2.05657 4.28326 1 frame_006370.jpg

509 0.264503 0.413137 0.784482 -0.379399 -1.07377 -1.60425 4.42709 1 frame_006380.jpg

510 0.295249 0.389245 0.764679 -0.420216 -1.08151 -1.06802 4.60034 1 frame_006390.jpg

511 0.295337 0.363822 0.764584 -0.442518 -0.874967 -0.830247 4.70663 1 frame_006400.jpg

512 0.288245 0.349115 0.749851 -0.482449 -0.659155 -0.403048 4.80927 1 frame_006410.jpg

513 0.278596 0.33562 0.7384 -0.514304 -0.423583 -0.0676067 4.86757 1 frame_006420.jpg

514 0.251072 0.286827 0.741093 -0.552697 0.192885 0.256931 4.89701 1 frame_006430.jpg

515 0.230908 0.230097 0.759447 -0.563007 0.745786 0.350365 4.85371 1 frame_006440.jpg

516 0.202527 0.184943 0.789738 -0.548719 1.26714 0.165996 4.76601 1 frame_006450.jpg

517 0.172152 0.159529 0.820166 -0.521768 1.68858 -0.177074 4.63858 1 frame_006460.jpg

518 0.13606 0.101066 0.851656 -0.495939 2.32522 -0.346867 4.37282 1 frame_006470.jpg

519 0.106655 0.0305073 0.870914 -0.478751 2.92972 -0.248304 4.05041 1 frame_006480.jpg

520 0.0925756 -0.0223356 0.878515 -0.468126 3.28939 -0.0661162 3.82608 1 frame_006490.jpg

521 0.0659062 -0.0672665 0.869452 -0.484958 3.63191 0.298753 3.55151 1 frame_006500.jpg

522 0.0396161 -0.101957 0.85172 -0.512453 3.89899 0.687812 3.27163 1 frame_006510.jpg

523 0.00939578 -0.122911 0.8317 -0.541368 4.11574 0.981571 2.97647 1 frame_006520.jpg

524 -0.00889469 -0.127273 0.813133 -0.567923 4.21347 1.16664 2.80248 1 frame_006530.jpg

525 -0.0309898 -0.116036 0.804203 -0.582093 4.30463 1.12555 2.68372 1 frame_006540.jpg

526 -0.0577256 -0.0933726 0.788772 -0.604804 4.37811 1.04906 2.57552 1 frame_006550.jpg

527 -0.0400302 -0.0460472 0.766943 -0.638808 4.15751 1.11995 2.87434 1 frame_006560.jpg

528 -0.026411 -0.0120409 0.737152 -0.675104 3.97285 1.31449 3.0314 1 frame_006570.jpg

529 0.00752171 0.0216529 0.715224 -0.69852 3.6482 1.53621 3.30419 1 frame_006580.jpg

530 -0.0338341 -0.0555364 -0.69988 0.711294 3.35493 1.64832 3.53625 1 frame_006590.jpg

531 -0.0660383 -0.0981838 -0.677942 0.72553 2.96123 1.80258 3.77805 1 frame_006600.jpg

532 -0.114828 -0.143371 -0.650535 0.736929 2.39703 2.06024 4.01407 1 frame_006610.jpg

533 -0.16811 -0.190911 -0.630003 0.733749 1.73727 2.22777 4.2405 1 frame_006620.jpg

534 -0.209388 -0.233434 -0.626525 0.713535 1.13799 2.16426 4.44539 1 frame_006630.jpg

535 -0.246786 -0.277435 -0.640316 0.6724 0.496891 1.83237 4.66919 1 frame_006640.jpg

536 0.276281 0.311846 0.656062 -0.629288 -0.0396532 1.43852 4.78805 1 frame_006650.jpg

537 0.272496 0.324324 0.679242 -0.599325 -0.140614 1.02949 4.85728 1 frame_006660.jpg

538 0.266935 0.332288 0.70364 -0.568525 -0.201487 0.609114 4.89838 1 frame_006670.jpg

539 0.267849 0.345928 0.726717 -0.529597 -0.353291 0.142443 4.89575 1 frame_006680.jpg

540 0.251493 0.339904 0.74477 -0.51627 -0.195252 -0.111678 4.89195 1 frame_006690.jpg

541 0.229615 0.325416 0.766234 -0.504249 0.0704312 -0.36979 4.87569 1 frame_006700.jpg

542 0.192502 0.287246 0.791029 -0.504684 0.627033 -0.528964 4.81901 1 frame_006710.jpg

543 0.182473 0.245528 0.818299 -0.486628 0.983083 -0.713021 4.73486 1 frame_006720.jpg

544 0.161418 0.209924 0.840651 -0.472422 1.39212 -0.869181 4.61293 1 frame_006730.jpg

545 0.141995 0.1897 0.84894 -0.47239 1.68188 -0.889683 4.52102 1 frame_006740.jpg

546 0.135218 0.181685 0.851973 -0.472069 1.78719 -0.894873 4.48328 1 frame_006750.jpg

547 0.132259 0.178785 0.852793 -0.472534 1.8266 -0.892571 4.46963 1 frame_006760.jpg

548 0.132791 0.177181 0.853837 -0.471102 1.8319 -0.898139 4.46602 1 frame_006770.jpg

549 0.130273 0.177478 0.853396 -0.47249 1.84817 -0.894709 4.45873 1 frame_006780.jpg

550 0.130126 0.178635 0.852382 -0.473922 1.84093 -0.88534 4.4621 1 frame_006790.jpg

551 0.128307 0.179905 0.852068 -0.474502 1.8442 -0.890462 4.45713 1 frame_006800.jpg

552 0.129937 0.181897 0.84937 -0.478122 1.82167 -0.856188 4.47308 1 frame_006810.jpg

553 0.130788 0.183805 0.848296 -0.479066 1.80344 -0.850342 4.48132 1 frame_006820.jpg

554 0.129196 0.186647 0.847674 -0.479499 1.79733 -0.861576 4.48235 1 frame_006830.jpg

555 0.122204 0.186507 0.842531 -0.49033 1.85281 -0.782449 4.47639 1 frame_006840.jpg

556 0.132246 0.17537 0.815697 -0.535159 1.87361 -0.252621 4.54752 1 frame_006850.jpg

557 0.134074 0.156723 0.79378 -0.572167 1.99264 0.207777 4.52569 1 frame_006860.jpg

558 0.111548 0.105887 0.778877 -0.608027 2.45583 0.672267 4.28911 1 frame_006870.jpg

559 0.0766148 0.0367787 0.780179 -0.619757 3.047 0.95078 3.89639 1 frame_006880.jpg

560 0.0196594 -0.0389417 0.7953 -0.604645 3.7449 0.991249 3.3037 1 frame_006890.jpg

561 -0.0439185 -0.11357 0.794568 -0.59484 4.33185 1.14411 2.52828 1 frame_006900.jpg

562 -0.0893887 -0.166763 0.773094 -0.605413 4.63271 1.42994 1.86214 1 frame_006910.jpg

563 -0.115299 -0.1729 0.741937 -0.63745 4.72841 1.59494 1.52369 1 frame_006920.jpg

564 -0.112516 -0.146264 0.706057 -0.683689 4.65559 1.75817 1.54851 1 frame_006930.jpg

565 0.0734231 0.0997479 -0.677845 0.724697 4.3924 1.98195 1.93474 1 frame_006940.jpg

566 0.0171203 0.0427936 -0.657837 0.751749 3.95044 2.19759 2.48545 1 frame_006950.jpg

567 -0.0483623 -0.0357513 -0.647366 0.759803 3.29727 2.26322 3.17589 1 frame_006960.jpg

568 -0.0934151 -0.0994537 -0.65563 0.742652 2.69617 2.08398 3.70899 1 frame_006970.jpg

569 -0.127911 -0.147116 -0.683221 0.703708 2.13392 1.6866 4.13784 1 frame_006980.jpg

570 0.142615 0.168212 0.708147 -0.670741 1.80996 1.33699 4.31572 1 frame_006990.jpg

