# Image list with two lines of data per image:
#   IMAGE_ID, QW, QX, QY, QZ, TX, TY, TZ, CAMERA_ID, NAME
#   POINTS2D[] as (X, Y, POINT3D_ID)
# Number of images: 758, mean observations per image: 0.0
0 0.0283346 0.0978802 0.871628 -0.47946 5.07884 -0.812984 3.51678 1 frame_000000.jpg

1 0.0307956 0.0981138 0.872592 -0.477502 5.06183 -0.815097 3.5359 1 frame_000010.jpg

2 0.0334592 0.0994121 0.873118 -0.476092 5.03929 -0.820214 3.56166 1 frame_000020.jpg

3 0.0324958 0.0982378 0.871841 -0.478735 5.04946 -0.794847 3.54842 1 frame_000030.jpg

4 0.0328411 0.0977699 0.872055 -0.478416 5.04962 -0.790322 3.54674 1 frame_000040.jpg

5 0.032106 0.0969159 0.873675 -0.475678 5.05568 -0.80621 3.52985 1 frame_000050.jpg

6 0.0292392 0.0955472 0.874601 -0.474436 5.07703 -0.819699 3.492 1 frame_000060.jpg

7 0.0285865 0.0920722 0.87551 -0.473485 5.09799 -0.799753 3.4646 1 frame_000070.jpg

8 0.0275011 0.0897529 0.878168 -0.469052 5.11327 -0.817927 3.43299 1 frame_000080.jpg

9 0.0276469 0.0872185 0.881274 -0.463665 5.1239 -0.833558 3.41017 1 frame_000090.jpg

10 0.0300504 0.0873713 0.885017 -0.456298 5.10892 -0.875977 3.419 1 frame_000100.jpg

11 0.0288936 0.0861466 0.887243 -0.452265 5.12133 -0.901071 3.39502 1 frame_000110.jpg

12 0.0277072 0.085179 0.889329 -0.448408 5.13179 -0.927826 3.37319 1 frame_000120.jpg

13 0.0316633 0.0844034 0.891267 -0.444429 5.11472 -0.930141 3.39963 1 frame_000130.jpg

14 0.0316766 0.0817464 0.89288 -0.441677 5.12766 -0.928003 3.38101 1 frame_000140.jpg

15 0.0279785 0.0821803 0.892129 -0.443362 5.14768 -0.945872 3.33982 1 frame_000150.jpg

16 0.0333004 0.0827226 0.886193 -0.454654 5.12523 -0.849556 3.39836 1 frame_000160.jpg

17 0.0306229 0.0822389 0.885463 -0.456349 5.14448 -0.850562 3.36388 1 frame_000170.jpg

18 0.0306482 0.0825841 0.881984 -0.462973 5.14845 -0.813222 3.35623 1 frame_000180.jpg

19 0.0319685 0.0813826 0.876262 -0.473835 5.15852 -0.725205 3.35409 1 frame_000190.jpg

20 0.0239502 0.0763145 0.876708 -0.474327 5.22813 -0.718845 3.23885 1 frame_000200.jpg

21 0.0221804 0.0695177 0.878541 -0.47206 5.27405 -0.674338 3.17012 1 frame_000210.jpg

22 0.0144862 0.0631651 0.881206 -0.468269 5.35334 -0.669788 3.03602 1 frame_000220.jpg

23 0.0141586 0.0584338 0.882796 -0.465892 5.39543 -0.624286 2.97221 1 frame_000230.jpg

24 0.0250736 0.0709431 0.878536 -0.471713 5.32762 -0.615939 3.1031 1 frame_000240.jpg

25 0.0267043 0.0786968 0.877743 -0.471869 5.32265 -0.643363 3.11972 1 frame_000250.jpg

26 0.0394368 0.0934222 0.874897 -0.473573 5.23315 -0.664279 3.28147 1 frame_000260.jpg

27 0.0442646 0.103072 0.871709 -0.477012 5.18771 -0.672108 3.35348 1 frame_000270.jpg

28 0.0445707 0.0928725 0.868257 -0.485301 5.24218 -0.491039 3.29191 1 frame_000280.jpg

29 0.0464078 0.0837179 0.867551 -0.48805 5.26609 -0.34959 3.24759 1 frame_000290.jpg

30 0.0381941 0.0763291 0.858189 -0.506189 5.33298 -0.174124 3.12662 1 frame_000300.jpg

31 0.0487022 0.0691356 0.848343 -0.52265 5.28969 0.100616 3.16988 1 frame_000310.jpg

32 0.0463183 0.0626297 0.844053 -0.530572 5.31323 0.23255 3.09993 1 frame_000320.jpg

33 0.0530428 0.0760816 0.843362 -0.529281 5.22919 0.179301 3.22931 1 frame_000330.jpg

34 0.0607817 0.0877845 0.836113 -0.538065 5.15025 0.21845 3.35511 1 frame_000340.jpg

35 0.0685352 0.106246 0.825115 -0.550635 5.05324 0.234397 3.51622 1 frame_000350.jpg

36 0.0626231 0.107694 0.817368 -0.562485 5.09674 0.293737 3.4754 1 frame_000360.jpg

37 0.078751 0.114532 0.804959 -0.57682 4.98686 0.465301 3.63639 1 frame_000370.jpg

38 0.0957849 0.123225 0.788323 -0.595137 4.85854 0.663547 3.79534 1 frame_000380.jpg

39 0.0983397 0.123635 0.769931 -0.618264 4.84727 0.863448 3.77875 1 frame_000390.jpg

40 0.109365 0.118005 0.750228 -0.641305 4.80363 1.19163 3.77412 1 frame_000400.jpg

41 0.108805 0.113664 0.724162 -0.67144 4.81221 1.48248 3.65901 1 frame_000410.jpg

42 -0.116476 -0.0975961 -0.692206 0.70552 4.87154 1.95466 3.45506 1 frame_000420.jpg

43 -0.10864 -0.0869185 -0.674377 0.72516 4.91361 2.1722 3.23814 1 frame_000430.jpg

44 -0.0850796 -0.062898 -0.659944 0.743828 5.08081 2.32477 2.81369 1 frame_000440.jpg

45 -0.0737517 -0.0621311 -0.628133 0.772107 5.17748 2.36557 2.56668 1 frame_000450.jpg

46 -0.0639573 -0.0624121 -0.573299 0.814459 5.28487 2.39279 2.21483 1 frame_000460.jpg

47 -0.274886 -0.196434 -0.583614 0.738408 3.03326 3.17114 4.5708 1 frame_000520.jpg

48 -0.279599 -0.217021 -0.59839 0.718787 2.87617 2.86783 4.78775 1 frame_000530.jpg

49 -0.292006 -0.237656 -0.61447 0.69331 2.63094 2.5913 5.05167 1 frame_000540.jpg

50 -0.275377 -0.254165 -0.644025 0.666933 2.67409 2.05975 5.23401 1 frame_000550.jpg

51 0.265705 0.246433 0.667355 -0.650622 2.7688 1.80371 5.24781 1 frame_000560.jpg

52 0.243577 0.252811 0.692738 -0.629977 2.91882 1.33907 5.26737 1 frame_000570.jpg

53 0.236701 0.256107 0.71419 -0.606889 2.92732 0.996199 5.30692 1 frame_000580.jpg

54 0.217397 0.254456 0.737231 -0.586926 3.08577 0.610841 5.24238 1 frame_000590.jpg

55 0.20402 0.256384 0.752536 -0.571255 3.16543 0.30965 5.18584 1 frame_000600.jpg

56 0.196436 0.260189 0.772561 -0.544853 3.16246 -0.055553 5.16064 1 frame_000610.jpg

57 0.204374 0.28398 0.791373 -0.501314 2.87072 -0.581407 5.26058 1 frame_000620.jpg

58 0.193403 0.31906 0.801774 -0.466856 2.63529 -1.18819 5.24763 1 frame_000630.jpg

59 0.183262 0.337228 0.807273 -0.448333 2.523 -1.53242 5.18707 1 frame_000640.jpg

60 0.187646 0.350552 0.810085 -0.430887 2.33588 -1.74017 5.18518 1 frame_000650.jpg

61 0.185843 0.37433 0.810796 -0.409816 2.09435 -2.05419 5.15126 1 frame_000660.jpg

62 0.181078 0.402325 0.807398 -0.391732 1.82915 -2.35476 5.10045 1 frame_000670.jpg

63 0.186798 0.422647 0.802808 -0.376797 1.55928 -2.51819 5.08953 1 frame_000680.jpg

64 0.193598 0.451643 0.793881 -0.358178 1.18389 -2.70987 5.07001 1 frame_000690.jpg

65 0.203839 0.482434 0.776084 -0.351284 0.777399 -2.75478 5.10555 1 frame_000700.jpg

66 0.218386 0.510034 0.754249 -0.351115 0.383269 -2.67612 5.18378 1 frame_000710.jpg

67 0.224414 0.534212 0.736003 -0.350079 0.081777 -2.64166 5.21423 1 frame_000720.jpg

68 0.236916 0.55224 0.721104 -0.344836 -0.20919 -2.59466 5.23915 1 frame_000730.jpg

69 0.241242 0.568 0.707808 -0.343782 -0.412676 -2.55956 5.2524 1 frame_000740.jpg

70 0.250011 0.567777 0.705826 -0.341954 -0.459492 -2.52729 5.26895 1 frame_000750.jpg

71 0.243756 0.542026 0.724339 -0.349461 -0.0661656 -2.5458 5.26958 1 frame_000760.jpg

72 0.228007 0.498492 0.750625 -0.368892 0.601315 -2.48158 5.24939 1 frame_000770.jpg

73 0.205497 0.452448 0.786091 -0.367591 1.2788 -2.57772 5.06669 1 frame_000780.jpg

74 0.19286 0.41616 0.801087 -0.384546 1.77281 -2.42472 4.97501 1 frame_000790.jpg

75 0.183718 0.387034 0.802782 -0.414721 2.15771 -2.14711 4.92743 1 frame_000800.jpg

76 0.175531 0.362528 0.804604 -0.436319 2.45987 -1.95289 4.83889 1 frame_000810.jpg

77 0.159799 0.337859 0.808802 -0.454043 2.79677 -1.83318 4.696 1 frame_000820.jpg

78 0.149391 0.313025 0.820908 -0.453661 3.06253 -1.82139 4.5483 1 frame_000830.jpg

79 0.142709 0.292693 0.83481 -0.443911 3.26013 -1.87455 4.41946 1 frame_000840.jpg

80 0.129647 0.265153 0.845887 -0.444253 3.55919 -1.83384 4.24529 1 frame_000850.jpg

81 0.131469 0.244007 0.853225 -0.441796 3.72184 -1.73401 4.1843 1 frame_000860.jpg

82 0.139789 0.223158 0.858268 -0.440494 3.8493 -1.58691 4.1754 1 frame_000870.jpg

83 0.138473 0.208411 0.851891 -0.460078 4.00169 -1.37229 4.17168 1 frame_000880.jpg

84 0.126298 0.186717 0.855288 -0.466549 4.27389 -1.25818 4.01538 1 frame_000890.jpg

85 0.0893846 0.151601 0.869158 -0.462161 4.73521 -1.23538 3.55546 1 frame_000900.jpg

86 0.0607073 0.112483 0.882204 -0.453186 5.13601 -1.11604 3.10248 1 frame_000910.jpg

87 0.0443876 0.072055 0.886177 -0.455552 5.42671 -0.805591 2.76127 1 frame_000920.jpg

88 0.0429593 0.0484654 0.88652 -0.458135 5.55071 -0.559079 2.63998 1 frame_000930.jpg

89 0.0276574 0.0292014 0.875672 -0.481228 5.69328 -0.31334 2.42588 1 frame_000940.jpg

90 0.0218214 0.0199539 0.872019 -0.488579 5.75657 -0.165254 2.33983 1 frame_000950.jpg

91 0.0201984 0.0182158 0.866115 -0.499104 5.77038 -0.0729618 2.3384 1 frame_000960.jpg

92 0.0257112 0.0151665 0.86394 -0.50271 5.75433 0.0323778 2.39982 1 frame_000970.jpg

93 0.0251052 0.00990513 0.86105 -0.507804 5.76963 0.13153 2.39344 1 frame_000980.jpg

94 0.0376732 0.0255254 0.858008 -0.511617 5.66585 0.11518 2.63794 1 frame_000990.jpg

95 0.0338867 0.0385837 0.850248 -0.523871 5.63512 0.0924157 2.71359 1 frame_001000.jpg

96 0.0364343 0.0482127 0.847071 -0.528033 5.58173 0.096702 2.82729 1 frame_001010.jpg

97 0.0424852 0.0655018 0.842194 -0.533492 5.48181 0.0645001 3.01228 1 frame_001020.jpg

98 0.0411826 0.0750146 0.834378 -0.544509 5.44194 0.0938098 3.07959 1 frame_001030.jpg

99 0.0457944 0.0901011 0.829693 -0.548994 5.35169 0.0634273 3.23417 1 frame_001040.jpg

100 0.0645554 0.117961 0.827183 -0.545606 5.11011 -0.0450826 3.58223 1 frame_001050.jpg

101 0.0981829 0.156346 0.820351 -0.541239 4.69095 -0.143636 4.08269 1 frame_001060.jpg

102 0.119405 0.18165 0.805064 -0.551922 4.3771 -0.0875609 4.37103 1 frame_001070.jpg

103 0.164734 0.229747 0.78822 -0.546616 3.72935 -0.127408 4.89057 1 frame_001080.jpg

104 0.184441 0.266618 0.775612 -0.541593 3.31015 -0.230339 5.13651 1 frame_001090.jpg

105 0.21083 0.316573 0.75098 -0.539779 2.73245 -0.285128 5.43065 1 frame_001100.jpg

106 0.228007 0.359296 0.734207 -0.529017 2.24697 -0.421773 5.61618 1 frame_001110.jpg

107 0.254921 0.409986 0.715108 -0.505518 1.55165 -0.597618 5.80788 1 frame_001120.jpg

108 0.27957 0.44381 0.691857 -0.496193 1.01398 -0.554087 5.91806 1 frame_001130.jpg

109 0.305726 0.474255 0.67582 -0.474216 0.444275 -0.615792 5.97353 1 frame_001140.jpg

110 0.316243 0.503529 0.664213 -0.453068 0.00854434 -0.787521 5.96224 1 frame_001150.jpg

111 0.327811 0.528384 0.660722 -0.420474 -0.437533 -1.06867 5.89933 1 frame_001160.jpg

112 0.329294 0.547013 0.655032 -0.404073 -0.701605 -1.22999 5.84894 1 frame_001170.jpg

113 0.337495 0.572672 0.646225 -0.374882 -1.15558 -1.44967 5.73273 1 frame_001180.jpg

114 0.325095 0.598158 0.63771 -0.360341 -1.39448 -1.65372 5.63283 1 frame_001190.jpg

115 0.317168 0.624005 0.630331 -0.335716 -1.72177 -1.90978 5.4695 1 frame_001200.jpg

116 0.325582 0.654553 0.613108 -0.299425 -2.28302 -2.08537 5.20162 1 frame_001210.jpg

117 0.330403 0.677927 0.591952 -0.284327 -2.67339 -2.0558 5.032 1 frame_001220.jpg

118 0.335919 0.699403 0.566871 -0.27686 -3.03423 -1.917 4.8949 1 frame_001230.jpg

119 0.350514 0.722317 0.535272 -0.262453 -3.51241 -1.7123 4.67378 1 frame_001240.jpg

120 0.362475 0.725736 0.522665 -0.262186 -3.69635 -1.55107 4.62102 1 frame_001250.jpg

121 0.379638 0.726663 0.513519 -0.253246 -3.91535 -1.45698 4.50168 1 frame_001260.jpg

122 0.389356 0.731674 0.499734 -0.251638 -4.10346 -1.30536 4.41316 1 frame_001270.jpg

123 0.397043 0.7394 0.482716 -0.25026 -4.29826 -1.12991 4.30552 1 frame_001280.jpg

124 0.407225 0.737967 0.472598 -0.257342 -4.37751 -0.941722 4.30489 1 frame_001290.jpg

125 0.420524 0.733489 0.461514 -0.268623 -4.42762 -0.698342 4.3266 1 frame_001300.jpg

126 0.431802 0.721285 0.453111 -0.296623 -4.32158 -0.355388 4.5002 1 frame_001310.jpg

127 0.449399 0.708402 0.449444 -0.306931 -4.30893 -0.161025 4.53579 1 frame_001320.jpg

128 0.469292 0.685234 0.451341 -0.32636 -4.18656 0.0752622 4.6594 1 frame_001330.jpg

129 0.476075 0.669974 0.458258 -0.33836 -4.05352 0.155249 4.77725 1 frame_001340.jpg

130 0.470279 0.654392 0.471208 -0.35857 -3.77353 0.210719 5.00154 1 frame_001350.jpg

131 0.478672 0.63457 0.473012 -0.380071 -3.57538 0.444736 5.12973 1 frame_001360.jpg

132 0.481083 0.611984 0.484437 -0.399194 -3.30465 0.566728 5.29539 1 frame_001370.jpg

133 0.486055 0.58757 0.491303 -0.420873 -3.03744 0.772316 5.43019 1 frame_001380.jpg

134 0.490135 0.566112 0.498899 -0.436331 -2.816 0.918254 5.53545 1 frame_001390.jpg

135 0.490686 0.546675 0.503272 -0.455073 -2.57396 1.10489 5.63146 1 frame_001400.jpg

136 0.493442 0.529388 0.506867 -0.468347 -2.39518 1.25752 5.68746 1 frame_001410.jpg

137 0.501922 0.508141 0.504903 -0.484707 -2.24288 1.51779 5.69971 1 frame_001420.jpg

138 0.505608 0.488239 0.504521 -0.50144 -2.06436 1.75077 5.71794 1 frame_001430.jpg

139 0.50584 0.470094 0.501964 -0.520739 -1.85123 2.0053 5.72318 1 frame_001440.jpg

140 0.509922 0.45363 0.495667 -0.537135 -1.71187 2.26955 5.67752 1 frame_001450.jpg

141 0.51796 0.432514 0.489529 -0.552277 -1.60426 2.55014 5.59643 1 frame_001460.jpg

142 0.518872 0.417453 0.48409 -0.567593 -1.4586 2.77833 5.53326 1 frame_001470.jpg

143 0.526781 0.405743 0.471379 -0.579377 -1.43565 3.0395 5.40834 1 frame_001480.jpg

144 0.522906 0.392417 0.466089 -0.596103 -1.24283 3.25093 5.34328 1 frame_001490.jpg

145 0.521402 0.383265 0.456655 -0.610504 -1.11087 3.45365 5.26196 1 frame_001500.jpg

146 0.518983 0.375013 0.449809 -0.62265 -0.98715 3.60777 5.18818 1 frame_001510.jpg

147 0.511595 0.363961 0.449025 -0.635751 -0.781465 3.72077 5.14692 1 frame_001520.jpg

148 -0.497599 -0.350008 -0.455076 0.650227 -0.476268 3.78256 5.14133 1 frame_001530.jpg

149 -0.476736 -0.342432 -0.475662 0.65514 -0.168997 3.63554 5.26034 1 frame_001540.jpg

150 -0.45664 -0.348523 -0.501086 0.647243 0.0183681 3.30355 5.45588 1 frame_001550.jpg

151 -0.434424 -0.363555 -0.52983 0.631177 0.143846 2.81188 5.68678 1 frame_001560.jpg

152 -0.425926 -0.392227 -0.547957 0.603729 -0.0187686 2.29817 5.86133 1 frame_001570.jpg

153 0.417909 0.424198 0.572619 -0.563486 -0.274855 1.61734 6.01377 1 frame_001580.jpg

154 0.41411 0.449268 0.581183 -0.537491 -0.497008 1.20784 6.02563 1 frame_001590.jpg

155 0.430975 0.473093 0.585799 -0.497276 -0.981763 0.825343 5.95365 1 frame_001600.jpg

156 0.413161 0.514388 0.591774 -0.463148 -1.23241 0.268685 5.87393 1 frame_001610.jpg

157 0.413385 0.54783 0.57889 -0.44032 -1.59245 0.0773496 5.72319 1 frame_001620.jpg

158 0.41376 0.569339 0.575967 -0.415834 -1.86056 -0.155674 5.5822 1 frame_001630.jpg

159 0.412159 0.586974 0.577586 -0.389847 -2.08705 -0.423747 5.42893 1 frame_001640.jpg

160 0.41307 0.594602 0.578482 -0.375739 -2.21461 -0.551566 5.30531 1 frame_001650.jpg

161 0.408941 0.599075 0.572392 -0.382419 -2.21999 -0.469379 5.24617 1 frame_001660.jpg

162 0.410924 0.616787 0.560477 -0.369569 -2.46967 -0.475744 5.05997 1 frame_001670.jpg

163 0.423932 0.621861 0.555738 -0.353164 -2.69838 -0.488185 4.86627 1 frame_001680.jpg

164 0.424534 0.631638 0.553731 -0.337915 -2.8384 -0.573985 4.70638 1 frame_001690.jpg

165 0.437292 0.65079 0.533116 -0.31786 -3.16573 -0.520688 4.43149 1 frame_001700.jpg

166 0.436861 0.691577 0.499357 -0.285512 -3.59397 -0.501764 4.02435 1 frame_001710.jpg

167 0.423086 0.738083 0.461743 -0.251049 -3.9682 -0.462096 3.59163 1 frame_001720.jpg

168 0.421107 0.761894 0.432828 -0.234191 -4.17314 -0.318041 3.30999 1 frame_001730.jpg

169 0.413167 0.789526 0.409294 -0.19601 -4.42362 -0.355224 2.90657 1 frame_001740.jpg

170 0.411526 0.79864 0.398955 -0.183454 -4.49703 -0.335677 2.74464 1 frame_001750.jpg

171 0.418928 0.795418 0.398351 -0.182004 -4.49887 -0.320178 2.71125 1 frame_001760.jpg

172 0.427427 0.778238 0.412858 -0.202978 -4.34677 -0.298952 2.91945 1 frame_001770.jpg

173 0.437657 0.763813 0.424698 -0.21137 -4.26184 -0.316465 3.00503 1 frame_001780.jpg

174 0.440819 0.746367 0.442248 -0.230286 -4.08978 -0.324162 3.19843 1 frame_001790.jpg

175 0.451747 0.718205 0.459736 -0.2622 -3.85208 -0.209929 3.45427 1 frame_001800.jpg

176 0.449611 0.697045 0.476052 -0.292153 -3.59956 -0.11384 3.69261 1 frame_001810.jpg

177 0.450621 0.676227 0.488606 -0.317682 -3.3953 -0.0031306 3.86059 1 frame_001820.jpg

178 0.445771 0.656453 0.506809 -0.3369 -3.17703 0.00725494 4.01742 1 frame_001830.jpg

179 0.436136 0.632425 0.531746 -0.35647 -2.87948 -0.0362227 4.20873 1 frame_001840.jpg

180 0.423966 0.617592 0.549769 -0.369577 -2.63716 -0.0845552 4.32701 1 frame_001850.jpg

181 0.415475 0.60448 0.562582 -0.381425 -2.43371 -0.0868672 4.39236 1 frame_001860.jpg

182 0.41959 0.587068 0.563207 -0.402608 -2.26974 0.112935 4.41394 1 frame_001870.jpg

183 0.466594 0.557905 0.530269 -0.435715 -2.34067 0.760452 4.24596 1 frame_001880.jpg

184 0.490057 0.555131 0.510955 -0.436577 -2.49928 0.982166 4.0357 1 frame_001890.jpg

185 0.506468 0.553133 0.49469 -0.439108 -2.59123 1.16435 3.8571 1 frame_001900.jpg

186 0.505338 0.549519 0.499924 -0.439021 -2.5346 1.15537 3.84199 1 frame_001910.jpg

187 0.494535 0.528871 0.512162 -0.461974 -2.25378 1.24592 3.95261 1 frame_001920.jpg

188 0.483357 0.501271 0.523711 -0.490734 -1.91772 1.39081 4.06192 1 frame_001930.jpg

189 0.458119 0.468963 0.543407 -0.524318 -1.43462 1.49931 4.20646 1 frame_001940.jpg

190 0.423127 0.433935 0.574347 -0.550263 -0.885517 1.47746 4.33787 1 frame_001950.jpg

191 0.385681 0.392758 0.608871 -0.571198 -0.313628 1.42309 4.40699 1 frame_001960.jpg

192 0.349427 0.351915 0.639628 -0.58731 0.209368 1.37032 4.39922 1 frame_001970.jpg

193 0.320373 0.309068 0.663106 -0.601771 0.648627 1.39271 4.33133 1 frame_001980.jpg

194 0.285439 0.273581 0.678105 -0.619557 1.09653 1.4257 4.20342 1 frame_001990.jpg

195 0.24827 0.235486 0.69129 -0.636418 1.56798 1.45622 4.01684 1 frame_002000.jpg

196 0.205878 0.201153 0.698236 -0.655452 2.04044 1.4955 3.75544 1 frame_002010.jpg

197 0.173062 0.17101 0.703273 -0.667991 2.38728 1.52189 3.48837 1 frame_002020.jpg

198 0.141874 0.142018 0.711795 -0.673091 2.68716 1.51344 3.21627 1 frame_002030.jpg

199 0.108891 0.112274 0.716243 -0.680098 2.96731 1.52458 2.90184 1 frame_002040.jpg

200 0.0844775 0.0796639 0.714805 -0.689617 3.20506 1.56534 2.56165 1 frame_002050.jpg

201 -0.0516965 -0.0326905 -0.69729 0.714175 3.43837 1.63741 2.06407 1 frame_002060.jpg

202 -0.0840617 -0.124446 0.712938 -0.684957 3.84206 1.80217 0.663203 1 frame_002080.jpg

203 -0.147245 -0.195723 0.704289 -0.666325 3.85205 1.83542 -0.0489324 1 frame_002090.jpg

204 -0.225162 -0.278732 0.688886 -0.630116 3.72639 1.89034 -0.875057 1 frame_002100.jpg

205 -0.270069 -0.3425 0.664962 -0.606285 3.48451 2.01841 -1.42521 1 frame_002110.jpg

206 -0.307464 -0.384081 0.641733 -0.588325 3.27026 2.05736 -1.82284 1 frame_002120.jpg

207 -0.340398 -0.413571 0.632079 -0.559968 3.09893 2.04922 -2.07866 1 frame_002130.jpg

208 -0.367806 -0.435916 0.620512 -0.538202 2.94193 2.04049 -2.26118 1 frame_002140.jpg

209 -0.38125 -0.465579 0.612967 -0.512012 2.75787 2.13713 -2.35423 1 frame_002150.jpg

210 -0.390761 -0.483791 0.607839 -0.493745 2.62787 2.18167 -2.39847 1 frame_002160.jpg

211 -0.390416 -0.510364 0.604846 -0.470389 2.45342 2.31377 -2.39594 1 frame_002170.jpg

212 -0.390334 -0.533442 0.59607 -0.455828 2.26 2.41883 -2.41536 1 frame_002180.jpg

213 -0.394622 -0.557053 0.586191 -0.436286 2.03417 2.50202 -2.44763 1 frame_002190.jpg

214 -0.392807 -0.570436 0.578863 -0.430375 1.87594 2.56051 -2.43549 1 frame_002200.jpg

215 -0.395488 -0.570654 0.576279 -0.431098 1.81116 2.54266 -2.44013 1 frame_002210.jpg

216 0.398303 0.575273 -0.569706 0.431105 1.71617 2.54724 -2.47128 1 frame_002220.jpg

217 0.407987 0.577502 -0.566922 0.422655 1.65039 2.53431 -2.533 1 frame_002230.jpg

218 0.41582 0.578081 -0.559793 0.423731 1.58642 2.51156 -2.62486 1 frame_002240.jpg

219 0.427415 0.577386 -0.551595 0.423892 1.51929 2.46986 -2.75371 1 frame_002250.jpg

220 0.427152 0.572532 -0.54747 0.435918 1.51862 2.45305 -2.84536 1 frame_002260.jpg

221 0.442269 0.568855 -0.538544 0.436776 1.464 2.39214 -3.01133 1 frame_002270.jpg

222 0.451857 0.564178 -0.530275 0.4431 1.42944 2.32942 -3.15605 1 frame_002280.jpg

223 0.456131 0.558866 -0.531558 0.443914 1.44738 2.30005 -3.23845 1 frame_002290.jpg

224 0.467109 0.560759 -0.526058 0.436602 1.36088 2.27676 -3.34945 1 frame_002300.jpg

225 0.480439 0.561636 -0.515765 0.433277 1.2424 2.2174 -3.4843 1 frame_002310.jpg

226 0.496915 0.566293 -0.496021 0.431683 1.01858 2.13351 -3.65007 1 frame_002320.jpg

227 0.511979 0.579605 -0.473499 0.421587 0.700459 2.11461 -3.78009 1 frame_002330.jpg

228 0.526977 0.581511 -0.451271 0.424846 0.467581 1.99896 -3.91637 1 frame_002340.jpg

229 0.534964 0.582766 -0.444337 0.420431 0.349877 1.96308 -3.97714 1 frame_002350.jpg

230 0.546151 0.578019 -0.440208 0.416929 0.281248 1.8899 -4.04999 1 frame_002360.jpg

231 0.556889 0.57573 -0.429894 0.416653 0.177441 1.79298 -4.13173 1 frame_002370.jpg

232 0.537073 0.591488 -0.439282 0.410762 0.171551 2.01009 -4.06987 1 frame_002380.jpg

233 0.521147 0.597715 -0.446387 0.414586 0.214182 2.11895 -4.06319 1 frame_002390.jpg

234 0.519279 0.5967 -0.449575 0.414946 0.229374 2.14187 -4.10938 1 frame_002400.jpg

235 0.523625 0.588025 -0.457802 0.41287 0.298031 2.12342 -4.16894 1 frame_002410.jpg

236 0.530317 0.581574 -0.460815 0.410105 0.306523 2.08333 -4.23358 1 frame_002420.jpg

237 0.541705 0.582826 -0.45266 0.402455 0.168817 2.03405 -4.30745 1 frame_002430.jpg

238 0.55469 0.588395 -0.436083 0.394895 -0.0587724 1.96903 -4.38138 1 frame_002440.jpg

239 0.573641 0.597572 -0.41231 0.379268 -0.409808 1.89808 -4.4389 1 frame_002450.jpg

240 0.577964 0.602979 -0.400119 0.377198 -0.578316 1.85961 -4.46651 1 frame_002460.jpg

241 0.580424 0.612487 -0.386921 0.371833 -0.771696 1.86521 -4.45883 1 frame_002470.jpg

242 0.587746 0.622466 -0.379199 0.351139 -0.976054 1.936 -4.40438 1 frame_002480.jpg

243 0.564256 0.651896 -0.382375 0.33232 -1.11049 2.27006 -4.2249 1 frame_002490.jpg

244 0.540078 0.683814 -0.381077 0.309023 -1.28833 2.5834 -3.98769 1 frame_002500.jpg

245 0.537694 0.708023 -0.359035 0.284048 -1.62575 2.67941 -3.80904 1 frame_002510.jpg

246 0.540075 0.719058 -0.341347 0.273417 -1.83206 2.66196 -3.73675 1 frame_002520.jpg

247 0.538765 0.727203 -0.330326 0.267941 -1.95247 2.65594 -3.69085 1 frame_002530.jpg

248 0.536343 0.736523 -0.325741 0.252513 -2.05369 2.72527 -3.60106 1 frame_002540.jpg

249 0.52013 0.753016 -0.32528 0.237961 -2.13432 2.88081 -3.44589 1 frame_002550.jpg

250 0.510818 0.763667 -0.323823 0.225869 -2.20065 2.98178 -3.32616 1 frame_002560.jpg

251 0.508674 0.765686 -0.324913 0.222279 -2.20779 3.01428 -3.30092 1 frame_002570.jpg

252 0.505186 0.767272 -0.32748 0.220993 -2.19797 3.04765 -3.28548 1 frame_002580.jpg

253 0.506421 0.763677 -0.330355 0.226277 -2.15832 3.02935 -3.33608 1 frame_002590.jpg

254 0.508708 0.762739 -0.328613 0.226846 -2.1687 3.00797 -3.34808 1 frame_002600.jpg

255 0.507368 0.764678 -0.326381 0.226541 -2.18824 3.006 -3.33234 1 frame_002610.jpg

256 0.518016 0.755587 -0.32331 0.237103 -2.162 2.88809 -3.44557 1 frame_002620.jpg

257 0.543545 0.736133 -0.319134 0.246621 -2.12551 2.68238 -3.62226 1 frame_002630.jpg

258 0.564117 0.71951 -0.315058 0.254587 -2.09874 2.50636 -3.75525 1 frame_002640.jpg

259 0.583396 0.700764 -0.307747 0.271793 -2.06251 2.26275 -3.92038 1 frame_002650.jpg

260 0.606383 0.678283 -0.299506 0.287277 -2.02317 1.97885 -4.08057 1 frame_002660.jpg

261 0.62578 0.657391 -0.294443 0.299232 -1.97775 1.74348 -4.2082 1 frame_002670.jpg

262 0.640003 0.632901 -0.297256 0.318547 -1.825 1.50218 -4.36409 1 frame_002680.jpg

263 0.651468 0.607572 -0.300939 0.340416 -1.63728 1.27414 -4.50464 1 frame_002690.jpg

264 0.657781 0.572232 -0.310339 0.378898 -1.27881 0.933599 -4.67447 1 frame_002700.jpg

265 0.654497 0.545076 -0.317492 0.416802 -0.930983 0.709286 -4.78358 1 frame_002710.jpg

266 0.646097 0.529066 -0.322877 0.445419 -0.654776 0.608737 -4.83233 1 frame_002720.jpg

267 0.639929 0.508097 -0.334245 0.469689 -0.318245 0.540056 -4.8556 1 frame_002730.jpg

268 0.635004 0.498106 -0.356772 0.470505 -0.079869 0.755691 -4.81525 1 frame_002740.jpg

270 0.630053 0.489644 -0.365213 0.479481 0.188106 0.951946 -4.70848 1 frame_002760.jpg

271 0.629808 0.493802 -0.35006 0.486785 0.106238 0.846435 -4.65735 1 frame_002770.jpg

272 0.595763 0.483436 -0.394445 0.505737 0.905255 1.06381 -4.37946 1 frame_002780.jpg

273 0.607009 0.508265 -0.365051 0.489842 0.316633 1.08326 -4.48736 1 frame_002790.jpg

274 0.609562 0.511386 -0.359058 0.487849 0.228845 1.0466 -4.41005 1 frame_002800.jpg

275 0.591381 0.516092 -0.369864 0.497109 0.358791 1.17894 -4.29207 1 frame_002810.jpg

276 0.60095 0.506842 -0.363103 0.500126 0.422581 1.06416 -4.22224 1 frame_002820.jpg

277 0.604957 0.478323 -0.360512 0.524657 0.682004 0.767557 -4.11386 1 frame_002830.jpg

278 0.63083 0.457546 -0.330372 0.532503 0.526854 0.183037 -4.07322 1 frame_002840.jpg

279 0.646716 0.557111 -0.282607 0.43763 -0.202391 0.877294 -3.89019 1 frame_002900.jpg

280 0.630457 0.610949 -0.275209 0.391822 -0.660008 1.29887 -3.75066 1 frame_002910.jpg

281 0.617227 0.632381 -0.27091 0.38175 -0.768023 1.38681 -3.66806 1 frame_002920.jpg

282 0.602091 0.65595 -0.269271 0.367027 -0.91104 1.55106 -3.56543 1 frame_002930.jpg

283 0.583441 0.685146 -0.2689 0.343315 -1.06662 1.76583 -3.41773 1 frame_002940.jpg

284 0.568373 0.709501 -0.268546 0.318503 -1.20505 1.94433 -3.26513 1 frame_002950.jpg

285 0.555744 0.727016 -0.267238 0.301962 -1.30249 2.06337 -3.14946 1 frame_002960.jpg

286 0.544147 0.741362 -0.265398 0.289569 -1.38076 2.14981 -3.04706 1 frame_002970.jpg

287 0.532297 0.757682 -0.261708 0.27219 -1.48633 2.24365 -2.91772 1 frame_002980.jpg

288 0.524351 0.767188 -0.26569 0.256685 -1.51649 2.33295 -2.81908 1 frame_002990.jpg

289 0.519483 0.77898 -0.260397 0.235627 -1.62095 2.39996 -2.69182 1 frame_003000.jpg

290 0.512813 0.789932 -0.256617 0.217207 -1.69983 2.45829 -2.57013 1 frame_003010.jpg

291 0.508594 0.80424 -0.242715 0.188733 -1.85927 2.50135 -2.39386 1 frame_003020.jpg

292 0.503346 0.812895 -0.234413 0.175774 -1.93648 2.52309 -2.29101 1 frame_003030.jpg

293 0.504557 0.819831 -0.213749 0.166166 -2.0782 2.46662 -2.20729 1 frame_003040.jpg

294 0.499075 0.830098 -0.199985 0.147876 -2.17653 2.48561 -2.05694 1 frame_003050.jpg

295 0.493348 0.842933 -0.176144 0.122662 -2.3382 2.47827 -1.84529 1 frame_003060.jpg

296 0.485302 0.852431 -0.157522 0.114148 -2.43775 2.4396 -1.72213 1 frame_003070.jpg

297 0.480505 0.859713 -0.141725 0.0996116 -2.50889 2.41877 -1.58855 1 frame_003080.jpg

298 0.477223 0.864495 -0.126654 0.0941544 -2.56016 2.37164 -1.51146 1 frame_003090.jpg

299 0.477085 0.868218 -0.107385 0.0840009 -2.6335 2.3116 -1.40922 1 frame_003100.jpg

300 0.478026 0.87059 -0.0924492 0.0708271 -2.68138 2.28127 -1.30225 1 frame_003110.jpg

301 0.477599 0.873935 -0.0701232 0.0567347 -2.76155 2.21355 -1.16512 1 frame_003120.jpg

302 0.472468 0.878653 -0.0468348 0.0504862 -2.84133 2.12268 -1.04548 1 frame_003130.jpg

303 0.463896 0.884459 -0.0278629 0.0419015 -2.9002 2.0612 -0.906218 1 frame_003140.jpg

304 0.460563 0.886566 -0.0122853 0.041607 -2.95319 1.98252 -0.846652 1 frame_003150.jpg

305 0.458391 0.888161 0.00502276 0.0319965 -3.0212 1.91345 -0.735757 1 frame_003160.jpg

306 0.458759 0.887828 0.0344078 0.0108465 -3.13594 1.79653 -0.533332 1 frame_003170.jpg

307 0.451987 0.89027 0.0558763 -0.00221323 -3.22612 1.69523 -0.358844 1 frame_003180.jpg

308 0.452961 0.888037 0.0781441 -0.0105044 -3.31807 1.56691 -0.23333 1 frame_003190.jpg

309 0.460601 0.882575 0.0917144 -0.0222984 -3.36745 1.50342 -0.135584 1 frame_003200.jpg

310 0.490343 0.863954 0.10614 -0.0433673 -3.39654 1.47518 -0.0583104 1 frame_003210.jpg

311 0.516915 0.843746 0.126663 -0.069625 -3.42268 1.44819 0.0819881 1 frame_003220.jpg

312 0.517676 0.8336 0.165854 -0.0980586 -3.45408 1.32284 0.39282 1 frame_003230.jpg

313 0.50829 0.829835 0.201749 -0.110962 -3.45652 1.16062 0.629686 1 frame_003240.jpg

314 0.498975 0.82595 0.22886 -0.128274 -3.43206 1.06512 0.837965 1 frame_003250.jpg

315 0.501223 0.818674 0.247354 -0.131774 -3.44337 0.975527 0.897364 1 frame_003260.jpg

316 0.502824 0.814763 0.252352 -0.140171 -3.43768 0.986103 0.927167 1 frame_003270.jpg

317 0.497123 0.815573 0.26021 -0.141421 -3.45358 0.946721 0.946572 1 frame_003280.jpg

318 0.489956 0.814799 0.274363 -0.144119 -3.47183 0.877029 0.998998 1 frame_003290.jpg

319 0.510425 0.803237 0.270687 -0.144932 -3.51583 0.919024 0.894338 1 frame_003300.jpg

320 0.537424 0.781868 0.271908 -0.161007 -3.5375 0.983533 0.881418 1 frame_003310.jpg

321 0.547373 0.773521 0.272344 -0.166961 -3.54593 1.00979 0.865831 1 frame_003320.jpg

322 0.569657 0.758242 0.269688 -0.166818 -3.57697 1.03441 0.765389 1 frame_003330.jpg

323 0.603704 0.731874 0.263988 -0.173816 -3.59931 1.10353 0.641077 1 frame_003340.jpg

324 0.627788 0.710087 0.261319 -0.182675 -3.62381 1.16779 0.57666 1 frame_003350.jpg

325 0.64734 0.696167 0.240621 -0.195971 -3.62043 1.35105 0.457056 1 frame_003360.jpg

326 0.664564 0.679134 0.23102 -0.209195 -3.6271 1.48576 0.376823 1 frame_003370.jpg

327 0.674602 0.66232 0.234829 -0.226052 -3.64391 1.56104 0.422624 1 frame_003380.jpg

328 0.677875 0.648525 0.248946 -0.24068 -3.68219 1.60205 0.551951 1 frame_003390.jpg

329 0.689116 0.621088 0.259552 -0.268333 -3.6842 1.67241 0.682023 1 frame_003400.jpg

330 0.703214 0.594496 0.260629 -0.290063 -3.68642 1.79078 0.731402 1 frame_003410.jpg

331 0.716535 0.553728 0.265279 -0.331042 -3.60921 1.98316 0.850203 1 frame_003420.jpg

332 0.716893 0.535 0.260092 -0.363581 -3.49922 2.20598 0.93228 1 frame_003430.jpg

333 0.717151 0.512898 0.254014 -0.397626 -3.35913 2.41959 0.989267 1 frame_003440.jpg

334 0.690044 0.485297 0.294994 -0.44867 -3.05703 2.6405 1.51452 1 frame_003460.jpg

335 0.676248 0.488711 0.306203 -0.458356 -2.94825 2.67729 1.69692 1 frame_003470.jpg

336 0.673577 0.476944 0.308248 -0.473077 -2.86472 2.76881 1.77249 1 frame_003480.jpg

337 0.664105 0.469041 0.323271 -0.484211 -2.78727 2.79135 1.96222 1 frame_003490.jpg

338 0.656456 0.45497 0.339222 -0.496987 -2.72033 2.82319 2.14808 1 frame_003500.jpg

339 0.647976 0.434694 0.360373 -0.511174 -2.62021 2.84146 2.37216 1 frame_003510.jpg

340 0.632604 0.431901 0.382388 -0.516771 -2.53012 2.78933 2.64793 1 frame_003520.jpg

341 0.626143 0.444847 0.383714 -0.512659 -2.55143 2.74868 2.73266 1 frame_003530.jpg

342 0.611121 0.467472 0.39001 -0.505859 -2.5363 2.64096 2.86843 1 frame_003540.jpg

343 0.601458 0.482061 0.398661 -0.496925 -2.54026 2.51021 2.96559 1 frame_003550.jpg

344 0.584324 0.496963 0.411478 -0.492219 -2.47599 2.36578 3.1087 1 frame_003560.jpg

345 0.571079 0.507433 0.419128 -0.490624 -2.42292 2.27658 3.19834 1 frame_003570.jpg

346 0.57036 0.513167 0.419116 -0.48548 -2.45329 2.22889 3.1948 1 frame_003580.jpg

347 0.567073 0.518281 0.425667 -0.478143 -2.47848 2.12802 3.23335 1 frame_003590.jpg

348 0.560533 0.533962 0.430695 -0.463884 -2.54561 1.96593 3.2527 1 frame_003600.jpg

349 0.55161 0.539678 0.439172 -0.460002 -2.52658 1.86187 3.3142 1 frame_003610.jpg

350 0.538281 0.535948 0.453759 -0.465957 -2.39914 1.78535 3.4317 1 frame_003620.jpg

351 0.522661 0.533372 0.470364 -0.470211 -2.26073 1.68171 3.55831 1 frame_003630.jpg

352 0.513882 0.528429 0.483997 -0.47163 -2.16576 1.59267 3.63999 1 frame_003640.jpg

353 0.49668 0.530639 0.501219 -0.469586 -2.05384 1.43589 3.7609 1 frame_003650.jpg

354 0.482216 0.541319 0.514013 -0.458512 -2.03297 1.24123 3.83218 1 frame_003660.jpg

355 0.47816 0.539334 0.528061 -0.449036 -2.01454 1.08963 3.87704 1 frame_003670.jpg

356 0.47269 0.531719 0.536422 -0.453971 -1.91378 1.06918 3.93116 1 frame_003680.jpg

357 0.463457 0.532167 0.542717 -0.455484 -1.83618 1.01691 3.97832 1 frame_003690.jpg

358 0.454225 0.544145 0.548602 -0.44342 -1.86727 0.859514 3.98991 1 frame_003700.jpg

359 0.442242 0.552969 0.55575 -0.435648 -1.85845 0.720142 4.01465 1 frame_003710.jpg

360 0.438608 0.561004 0.556463 -0.428074 -1.90429 0.639363 4.0046 1 frame_003720.jpg

361 0.432512 0.5627 0.559833 -0.427655 -1.87299 0.593245 4.02757 1 frame_003730.jpg

362 0.433239 0.558328 0.565447 -0.425258 -1.85421 0.551605 4.04077 1 frame_003740.jpg

363 0.427596 0.5427 0.5784 -0.433695 -1.68369 0.541548 4.11297 1 frame_003750.jpg

364 0.412702 0.523759 0.595513 -0.448015 -1.40016 0.524997 4.21283 1 frame_003760.jpg

365 0.397369 0.503349 0.613551 -0.460753 -1.10643 0.502503 4.29308 1 frame_003770.jpg

366 0.383814 0.483734 0.629976 -0.470977 -0.840587 0.481582 4.34917 1 frame_003780.jpg

367 0.371745 0.466953 0.643793 -0.478844 -0.61306 0.460804 4.38183 1 frame_003790.jpg

368 0.364629 0.455618 0.652831 -0.48298 -0.467646 0.446665 4.39061 1 frame_003800.jpg

369 0.35991 0.444425 0.658108 -0.48974 -0.347132 0.480491 4.38492 1 frame_003810.jpg

370 0.348085 0.431578 0.6651 -0.50022 -0.169577 0.512521 4.37031 1 frame_003820.jpg

371 0.332997 0.413034 0.679944 -0.506154 0.042198 0.489669 4.34485 1 frame_003830.jpg

372 0.32637 0.388566 0.692556 -0.512704 0.218673 0.541327 4.29121 1 frame_003840.jpg

373 0.316101 0.370294 0.704752 -0.51603 0.379713 0.548203 4.23437 1 frame_003850.jpg

374 0.298806 0.35806 0.714613 -0.52138 0.55654 0.530548 4.17849 1 frame_003860.jpg

375 0.279458 0.347383 0.730492 -0.517309 0.716934 0.417593 4.12855 1 frame_003870.jpg

376 0.260114 0.317651 0.745006 -0.525742 0.976077 0.445684 4.03539 1 frame_003880.jpg

377 0.246737 0.28599 0.750977 -0.541632 1.18798 0.576038 3.92654 1 frame_003890.jpg

378 0.219571 0.255664 0.772072 -0.538822 1.43588 0.503664 3.8163 1 frame_003900.jpg

379 0.200462 0.210767 0.786198 -0.545239 1.6888 0.593452 3.67084 1 frame_003910.jpg

380 0.192385 0.185095 0.800183 -0.537062 1.77862 0.558879 3.59508 1 frame_003920.jpg

381 0.175874 0.168646 0.820088 -0.517767 1.8956 0.363709 3.49499 1 frame_003930.jpg

382 0.157448 0.158028 0.837063 -0.499563 2.00456 0.151666 3.37435 1 frame_003940.jpg

383 0.127367 0.161304 0.851972 -0.481563 2.11988 -0.131863 3.22513 1 frame_003950.jpg

384 0.122548 0.172616 0.856004 -0.471638 2.06113 -0.282102 3.18776 1 frame_003960.jpg

385 0.121874 0.175642 0.845511 -0.489293 2.02565 -0.209171 3.16086 1 frame_003970.jpg

386 0.109005 0.147872 0.831962 -0.523538 2.16376 0.0150747 3.02285 1 frame_003980.jpg

387 0.0949651 0.120359 0.841243 -0.518465 2.28662 -0.0317392 2.87382 1 frame_003990.jpg

388 0.0824365 0.115061 0.855848 -0.497483 2.32715 -0.248859 2.7733 1 frame_004000.jpg

389 0.0627214 0.109899 0.863097 -0.488929 2.42231 -0.401228 2.66276 1 frame_004010.jpg

390 0.0618129 0.117494 0.869119 -0.476453 2.3855 -0.520356 2.67371 1 frame_004020.jpg

391 0.0773123 0.122914 0.867037 -0.476614 2.28801 -0.443018 2.78718 1 frame_004030.jpg

392 0.0560945 0.130375 0.871979 -0.468518 2.31982 -0.49464 2.75636 1 frame_004040.jpg

393 0.0599007 0.141119 0.862818 -0.481708 2.26582 -0.39007 2.84831 1 frame_004050.jpg

394 0.0829657 0.147952 0.850949 -0.497105 2.11877 -0.19576 2.98834 1 frame_004060.jpg

395 0.0828702 0.137389 0.850508 -0.500892 2.14388 -0.0888984 2.98536 1 frame_004070.jpg

396 0.0877228 0.137001 0.847584 -0.505111 2.11731 -0.0110889 2.99753 1 frame_004080.jpg

397 0.0929038 0.141225 0.842747 -0.511079 2.07983 0.0638399 2.99311 1 frame_004090.jpg

398 0.107538 0.148385 0.832971 -0.522089 1.99095 0.198974 3.00731 1 frame_004100.jpg

399 0.112996 0.165943 0.827623 -0.524152 1.92099 0.215374 3.00948 1 frame_004110.jpg

400 0.120377 0.17735 0.819529 -0.53144 1.86523 0.286559 2.99977 1 frame_004120.jpg

401 0.123447 0.179345 0.814778 -0.537339 1.85125 0.369746 2.97373 1 frame_004130.jpg

402 0.121535 0.17302 0.807382 -0.550843 1.888 0.490866 2.91212 1 frame_004140.jpg

403 0.11005 0.160261 0.80128 -0.565823 1.98329 0.595846 2.80152 1 frame_004150.jpg

404 0.103774 0.142459 0.79501 -0.580427 2.04793 0.750667 2.69646 1 frame_004160.jpg

405 0.11173 0.131419 0.788656 -0.590142 2.00705 0.890098 2.6481 1 frame_004170.jpg

406 0.117146 0.125672 0.780106 -0.601596 1.96776 1.00699 2.59936 1 frame_004180.jpg

407 0.103457 0.113677 0.774937 -0.613063 2.03812 1.07156 2.48219 1 frame_004190.jpg

408 0.0832152 0.10094 0.770684 -0.623645 2.13136 1.10509 2.34311 1 frame_004200.jpg

409 0.0804057 0.0983183 0.76709 -0.628842 2.11824 1.13612 2.29661 1 frame_004210.jpg

410 0.0890383 0.0935513 0.752627 -0.645657 2.06958 1.28036 2.24376 1 frame_004220.jpg

411 0.0995604 0.0939125 0.746212 -0.651488 2.0079 1.35872 2.238 1 frame_004230.jpg

412 0.093089 0.0916615 0.760231 -0.636381 2.02826 1.25833 2.23245 1 frame_004240.jpg

413 0.0882841 0.0894314 0.779884 -0.61318 2.04221 1.12153 2.2373 1 frame_004250.jpg

414 0.0883116 0.0773153 0.798253 -0.590776 2.05892 1.05 2.22222 1 frame_004260.jpg

415 0.0616179 0.0500005 0.816161 -0.57235 2.21424 0.975443 2.07551 1 frame_004270.jpg

416 0.0286128 0.0206244 0.826356 -0.562042 2.38704 0.947609 1.86743 1 frame_004280.jpg

417 0.0260185 0.0236621 0.836823 -0.546342 2.39338 0.863231 1.8703 1 frame_004290.jpg

418 0.0486841 0.0542374 0.844841 -0.53003 2.25701 0.739669 2.03571 1 frame_004300.jpg

419 0.0561653 0.090525 0.8496 -0.516557 2.14765 0.571084 2.14791 1 frame_004310.jpg

420 0.0707804 0.105914 0.848047 -0.514382 2.02485 0.546755 2.21998 1 frame_004320.jpg

421 0.0864306 0.103777 0.842508 -0.521479 1.92007 0.627626 2.24365 1 frame_004330.jpg

422 0.0847892 0.0942964 0.838348 -0.530181 1.8937 0.703943 2.20245 1 frame_004340.jpg

423 0.0858248 0.097639 0.828773 -0.544276 1.83232 0.76888 2.18754 1 frame_004350.jpg

424 0.0920959 0.113016 0.829055 -0.539827 1.72589 0.7267 2.24284 1 frame_004360.jpg

425 0.0981962 0.133981 0.81718 -0.551927 1.62666 0.752558 2.27042 1 frame_004370.jpg

426 0.107068 0.150275 0.798733 -0.572695 1.53819 0.838874 2.27968 1 frame_004380.jpg

427 0.119586 0.155575 0.789357 -0.581731 1.44557 0.914469 2.29648 1 frame_004390.jpg

428 0.121993 0.159443 0.775847 -0.598128 1.41497 1.00849 2.27204 1 frame_004400.jpg

429 0.126175 0.157906 0.754711 -0.624145 1.41348 1.15905 2.21418 1 frame_004410.jpg

430 0.133127 0.162279 0.747873 -0.629784 1.37888 1.20381 2.21575 1 frame_004420.jpg

431 0.148609 0.18315 0.739164 -0.630879 1.26698 1.23545 2.26882 1 frame_004430.jpg

432 0.164261 0.190255 0.717946 -0.649135 1.20297 1.38975 2.22905 1 frame_004440.jpg

433 0.176727 0.18861 0.704825 -0.660617 1.16253 1.54462 2.21522 1 frame_004450.jpg

434 -0.173299 -0.162254 -0.676092 0.697524 1.23297 1.81832 2.05433 1 frame_004460.jpg

435 -0.497986 -0.343753 -0.45671 0.652119 -0.666958 2.74547 1.92198 1 frame_004600.jpg

436 0.519846 0.342593 0.447234 -0.642162 -0.831922 2.7747 1.81804 1 frame_004610.jpg

437 0.539225 0.339424 0.41853 -0.647194 -0.926637 2.86556 1.63028 1 frame_004620.jpg

438 0.548124 0.333771 0.403083 -0.652442 -0.968584 2.92467 1.52545 1 frame_004630.jpg

439 0.55936 0.336857 0.394697 -0.646419 -1.06515 2.92145 1.47669 1 frame_004640.jpg

440 0.564311 0.331636 0.390741 -0.647219 -1.10887 2.932 1.44423 1 frame_004650.jpg

441 0.568069 0.328206 0.385102 -0.649057 -1.12877 2.95382 1.39493 1 frame_004660.jpg

442 0.569958 0.330292 0.380119 -0.649281 -1.145 2.96284 1.36133 1 frame_004670.jpg

443 0.575571 0.337749 0.376989 -0.642279 -1.20541 2.93723 1.34242 1 frame_004680.jpg

444 0.588833 0.351965 0.376859 -0.622394 -1.34135 2.85197 1.33374 1 frame_004690.jpg

445 0.609009 0.369189 0.367358 -0.59821 -1.48883 2.76755 1.25776 1 frame_004700.jpg

446 0.632874 0.38108 0.346199 -0.578269 -1.58626 2.72564 1.09877 1 frame_004710.jpg

447 0.642437 0.426354 0.323668 -0.548394 -1.63537 2.66801 1.01451 1 frame_004720.jpg

448 0.648489 0.436997 0.305444 -0.543323 -1.59959 2.69626 0.914066 1 frame_004730.jpg

449 0.664207 0.443932 0.300414 -0.52106 -1.69745 2.63492 0.854171 1 frame_004740.jpg

450 0.669604 0.441542 0.300919 -0.515868 -1.72556 2.61874 0.847082 1 frame_004750.jpg

451 0.671564 0.451673 0.304752 -0.502116 -1.79297 2.57156 0.888603 1 frame_004760.jpg

452 0.668014 0.473849 0.315076 -0.479533 -1.88285 2.47018 0.999105 1 frame_004770.jpg

453 0.666858 0.495899 0.323118 -0.452747 -1.99339 2.34848 1.07327 1 frame_004780.jpg

454 0.674171 0.510747 0.311973 -0.432787 -2.07599 2.3095 1.01066 1 frame_004790.jpg

455 0.682158 0.517989 0.29805 -0.421325 -2.11477 2.31134 0.934406 1 frame_004800.jpg

456 0.693468 0.540787 0.273681 -0.389552 -2.21505 2.26687 0.789213 1 frame_004810.jpg

457 0.710053 0.55086 0.253559 -0.357893 -2.33055 2.20052 0.612275 1 frame_004820.jpg

458 0.735543 0.554886 0.227475 -0.315171 -2.48095 2.09689 0.332415 1 frame_004830.jpg

459 0.757724 0.551769 0.204538 -0.282082 -2.57825 2.01356 0.0771534 1 frame_004840.jpg

460 0.772879 0.5486 0.188199 -0.257444 -2.63688 1.94358 -0.11266 1 frame_004850.jpg

461 0.773429 0.555111 0.181104 -0.246698 -2.649 1.9294 -0.167317 1 frame_004860.jpg

462 0.7709 0.561049 0.175083 -0.245526 -2.63639 1.94733 -0.194142 1 frame_004870.jpg

463 0.773017 0.569149 0.170346 -0.22248 -2.68141 1.86438 -0.29244 1 frame_004880.jpg

464 0.778478 0.572589 0.154189 -0.205765 -2.66576 1.8357 -0.445449 1 frame_004890.jpg

465 0.790553 0.557403 0.151897 -0.203114 -2.67896 1.77977 -0.554473 1 frame_004900.jpg

466 0.792594 0.559705 0.155069 -0.185686 -2.70556 1.68008 -0.616143 1 frame_004910.jpg

467 0.795575 0.571048 0.136023 -0.149877 -2.6788 1.59842 -0.823688 1 frame_004920.jpg

468 0.799891 0.573356 0.109014 -0.139836 -2.57713 1.63079 -1.00474 1 frame_004930.jpg

469 0.799488 0.579614 0.0835912 -0.133715 -2.44894 1.69325 -1.12056 1 frame_004940.jpg

470 0.799654 0.585077 0.0673242 -0.117078 -2.37433 1.6796 -1.22553 1 frame_004950.jpg

471 0.791624 0.598479 0.0642577 -0.104999 -2.34929 1.67656 -1.22452 1 frame_004960.jpg

472 0.775932 0.619797 0.0712533 -0.0933023 -2.35834 1.67057 -1.15057 1 frame_004970.jpg

473 0.769862 0.628703 0.0730767 -0.0818897 -2.33856 1.61831 -1.14041 1 frame_004980.jpg

474 0.745103 0.657995 0.0803697 -0.0735193 -2.34577 1.64894 -1.01577 1 frame_004990.jpg

475 0.732105 0.6679 0.101798 -0.0870019 -2.38729 1.64538 -0.846024 1 frame_005000.jpg

476 0.720525 0.679892 0.108871 -0.0820788 -2.39803 1.62995 -0.779203 1 frame_005010.jpg

477 0.707557 0.69209 0.118088 -0.0801854 -2.41682 1.6155 -0.697675 1 frame_005020.jpg

478 0.691692 0.710388 0.111428 -0.0670487 -2.39984 1.62885 -0.689301 1 frame_005030.jpg

479 0.674417 0.726303 0.117649 -0.0616801 -2.4159 1.61202 -0.607897 1 frame_005040.jpg

480 0.665673 0.733356 0.123368 -0.0620386 -2.42893 1.60063 -0.5522 1 frame_005050.jpg

481 0.658108 0.739096 0.12893 -0.063307 -2.44063 1.5896 -0.497035 1 frame_005060.jpg

482 0.645231 0.750707 0.129588 -0.0576543 -2.44148 1.58127 -0.459664 1 frame_005070.jpg

483 0.637251 0.757999 0.129652 -0.0503927 -2.44179 1.56044 -0.45601 1 frame_005080.jpg

484 0.621727 0.770082 0.131724 -0.0554804 -2.429 1.57422 -0.378963 1 frame_005090.jpg

485 0.584785 0.79633 0.144158 -0.0557106 -2.442 1.55091 -0.201891 1 frame_005100.jpg

486 0.558467 0.814854 0.150769 -0.0373696 -2.46974 1.47835 -0.152745 1 frame_005110.jpg

487 0.54283 0.82241 0.165701 -0.038989 -2.49652 1.4128 -0.0502128 1 frame_005120.jpg

488 0.531526 0.828742 0.171109 -0.0372602 -2.50584 1.38248 0.00235428 1 frame_005130.jpg

489 0.5181 0.836956 0.172212 -0.0376839 -2.50353 1.37801 0.0591235 1 frame_005140.jpg

490 0.504031 0.845884 0.169507 -0.0412375 -2.48633 1.39573 0.11984 1 frame_005150.jpg

491 0.496459 0.850907 0.166582 -0.041666 -2.47686 1.40476 0.141215 1 frame_005160.jpg

492 0.502604 0.847287 0.165704 -0.0451188 -2.47332 1.41798 0.129913 1 frame_005170.jpg

493 0.506593 0.844666 0.166917 -0.0451783 -2.47773 1.41333 0.119202 1 frame_005180.jpg

494 0.49578 0.850409 0.170147 -0.04536 -2.48145 1.40059 0.166784 1 frame_005190.jpg

495 0.487753 0.853765 0.175985 -0.0470299 -2.49311 1.37678 0.213068 1 frame_005200.jpg

496 0.492079 0.849683 0.182048 -0.0525008 -2.5068 1.36569 0.231216 1 frame_005210.jpg

497 0.501471 0.842484 0.187562 -0.0597244 -2.51967 1.36131 0.243169 1 frame_005220.jpg

498 0.506598 0.835532 0.199305 -0.0743098 -2.52904 1.348 0.313478 1 frame_005230.jpg

499 0.508918 0.831667 0.208121 -0.0775792 -2.55384 1.31643 0.346229 1 frame_005240.jpg

500 0.504798 0.825026 0.233375 -0.100236 -2.57812 1.26101 0.524308 1 frame_005250.jpg

501 0.50246 0.817883 0.257355 -0.111223 -2.62448 1.16763 0.64461 1 frame_005260.jpg

502 0.494951 0.811378 0.285122 -0.124079 -2.65116 1.05197 0.809548 1 frame_005270.jpg

503 0.482883 0.805797 0.316632 -0.131376 -2.65917 0.8931 0.983209 1 frame_005280.jpg

504 0.460375 0.803871 0.347933 -0.144184 -2.60658 0.742967 1.20062 1 frame_005290.jpg

505 0.441484 0.797969 0.375016 -0.166433 -2.50209 0.64968 1.41641 1 frame_005300.jpg

506 0.430997 0.788044 0.398159 -0.186275 -2.39627 0.587944 1.58396 1 frame_005310.jpg

507 0.426677 0.767588 0.424873 -0.219634 -2.24225 0.568241 1.7862 1 frame_005320.jpg

508 0.427549 0.743152 0.449699 -0.250395 -2.0969 0.570532 1.95269 1 frame_005330.jpg

509 0.420917 0.725246 0.470651 -0.274473 -1.95808 0.562065 2.09598 1 frame_005340.jpg

510 0.420023 0.710746 0.483397 -0.291115 -1.8666 0.576634 2.17902 1 frame_005350.jpg

511 0.43079 0.695294 0.485454 -0.30874 -1.81517 0.670414 2.20738 1 frame_005360.jpg

512 0.463162 0.679278 0.470738 -0.320105 -1.86381 0.852911 2.12148 1 frame_005370.jpg

513 0.491459 0.661606 0.45417 -0.338342 -1.87861 1.06752 2.04144 1 frame_005380.jpg

514 0.506067 0.640641 0.445383 -0.367571 -1.80859 1.25799 2.02591 1 frame_005390.jpg

515 0.524842 0.623202 0.435171 -0.383126 -1.80266 1.40741 1.95883 1 frame_005400.jpg

516 0.549229 0.602563 0.423118 -0.395268 -1.82694 1.54217 1.85431 1 frame_005410.jpg

517 0.562164 0.575626 0.416614 -0.423153 -1.75914 1.70367 1.80906 1 frame_005420.jpg

518 0.567704 0.556584 0.413208 -0.444055 -1.70464 1.81937 1.78665 1 frame_005430.jpg

519 0.580118 0.541774 0.40585 -0.453024 -1.71877 1.89617 1.71314 1 frame_005440.jpg

520 0.589543 0.536487 0.399996 -0.452353 -1.75857 1.91978 1.64821 1 frame_005450.jpg

521 0.5885 0.538807 0.39786 -0.452839 -1.75804 1.92891 1.62697 1 frame_005460.jpg

522 0.587185 0.547128 0.400517 -0.4421 -1.79742 1.8753 1.61142 1 frame_005470.jpg

523 0.594134 0.556858 0.396049 -0.424333 -1.87969 1.82127 1.52802 1 frame_005480.jpg

524 0.601309 0.579669 0.386551 -0.391139 -2.00547 1.72508 1.40975 1 frame_005490.jpg

525 0.615049 0.603924 0.370511 -0.345995 -2.17067 1.58556 1.21307 1 frame_005500.jpg

526 0.622983 0.633048 0.345517 -0.30292 -2.28507 1.52538 0.991654 1 frame_005510.jpg

527 0.623142 0.648444 0.332827 -0.283619 -2.30916 1.50499 0.879023 1 frame_005520.jpg

528 0.613209 0.664804 0.323368 -0.278287 -2.27795 1.52807 0.845173 1 frame_005530.jpg

529 0.61123 0.678602 0.313727 -0.259753 -2.29497 1.50726 0.760161 1 frame_005540.jpg

530 0.597715 0.70109 0.305093 -0.241098 -2.29409 1.48424 0.722857 1 frame_005550.jpg

531 0.592574 0.71843 0.292083 -0.21772 -2.31545 1.45692 0.62519 1 frame_005560.jpg

532 0.608025 0.723456 0.268528 -0.186575 -2.35895 1.43514 0.394472 1 frame_005570.jpg

533 0.615413 0.724626 0.256256 -0.174689 -2.35736 1.43847 0.284984 1 frame_005580.jpg

534 0.619859 0.724614 0.24731 -0.171891 -2.33557 1.4597 0.226191 1 frame_005590.jpg

535 0.628774 0.716224 0.242072 -0.181843 -2.30202 1.49868 0.195656 1 frame_005600.jpg

536 0.639806 0.694851 0.251594 -0.211024 -2.26643 1.53509 0.24434 1 frame_005610.jpg

537 0.668986 0.658139 0.252531 -0.235665 -2.25299 1.56514 0.170739 1 frame_005620.jpg

538 0.683233 0.635979 0.257296 -0.250045 -2.25349 1.58195 0.143789 1 frame_005630.jpg

539 0.687994 0.628771 0.251967 -0.26043 -2.22928 1.62655 0.111689 1 frame_005640.jpg

540 0.691377 0.622138 0.250131 -0.269032 -2.2145 1.6523 0.0807279 1 frame_005650.jpg

541 0.695318 0.617583 0.24861 -0.270771 -2.21655 1.64852 0.025237 1 frame_005660.jpg

542 0.694151 0.619477 0.251377 -0.266856 -2.22263 1.63518 -0.0132525 1 frame_005670.jpg

543 0.689039 0.623537 0.258302 -0.264021 -2.23157 1.60759 -0.0147218 1 frame_005680.jpg

544 0.68324 0.626959 0.268353 -0.260945 -2.24063 1.57188 0.000562495 1 frame_005690.jpg

545 0.682025 0.637721 0.259341 -0.246772 -2.22134 1.5773 -0.093753 1 frame_005700.jpg

546 0.689241 0.638889 0.238475 -0.244739 -2.16648 1.60178 -0.229324 1 frame_005710.jpg

547 0.688642 0.653941 0.2107 -0.231819 -2.07685 1.66006 -0.381719 1 frame_005720.jpg

548 0.693248 0.667083 0.179152 -0.205699 -1.98303 1.69217 -0.571321 1 frame_005730.jpg

549 0.689475 0.680639 0.158144 -0.190647 -1.89112 1.73812 -0.646583 1 frame_005740.jpg

550 0.683819 0.697534 0.13146 -0.168984 -1.78219 1.78087 -0.738776 1 frame_005750.jpg

551 0.682704 0.701788 0.130237 -0.156355 -1.76392 1.77018 -0.772214 1 frame_005760.jpg

552 0.68779 0.703393 0.114531 -0.138083 -1.70717 1.7552 -0.894966 1 frame_005770.jpg

553 0.696533 0.699981 0.0933097 -0.127132 -1.60867 1.7325 -1.06559 1 frame_005780.jpg

554 0.70066 0.702546 0.068402 -0.104044 -1.5016 1.7267 -1.22305 1 frame_005790.jpg

555 0.693282 0.710992 0.0589086 -0.10189 -1.44177 1.76217 -1.24798 1 frame_005800.jpg

556 0.679023 0.726459 0.0627281 -0.0851455 -1.45225 1.81261 -1.22468 1 frame_005810.jpg

557 0.692008 0.717044 0.0449817 -0.0703527 -1.38038 1.74649 -1.38385 1 frame_005820.jpg

558 0.696789 0.715377 0.0282457 -0.0438466 -1.27457 1.70828 -1.5066 1 frame_005830.jpg

559 0.688437 0.72469 0.0147811 -0.0257103 -1.19183 1.76669 -1.5499 1 frame_005840.jpg

560 0.69089 0.722896 -0.00882005 0.00394035 -1.02086 1.75417 -1.67464 1 frame_005850.jpg

561 0.704798 0.708568 -0.0222851 0.026359 -0.918247 1.64718 -1.82056 1 frame_005860.jpg

562 0.667144 0.743805 -0.0236555 -0.0333608 -0.711756 2.05155 -1.97533 1 frame_006040.jpg

563 0.660797 0.745741 0.0323889 -0.0785411 -1.12453 2.10376 -1.99732 1 frame_006050.jpg

564 0.688444 0.706148 0.0948457 -0.13566 -1.62817 1.80615 -1.97794 1 frame_006060.jpg

565 0.676078 0.711935 0.109421 -0.155223 -1.7292 1.87749 -1.87102 1 frame_006070.jpg

566 0.674991 0.712061 0.124118 -0.14816 -1.81081 1.84246 -1.86293 1 frame_006080.jpg

567 0.670859 0.708376 0.142284 -0.167051 -1.9109 1.84749 -1.78227 1 frame_006090.jpg

568 0.66568 0.707288 0.16072 -0.175453 -2.0106 1.83715 -1.71668 1 frame_006100.jpg

569 0.662163 0.701159 0.181717 -0.192081 -2.11798 1.81896 -1.63312 1 frame_006110.jpg

570 0.659263 0.695434 0.200161 -0.204155 -2.2088 1.79237 -1.56451 1 frame_006120.jpg

571 0.653772 0.690558 0.218584 -0.218937 -2.28641 1.78672 -1.47346 1 frame_006130.jpg

572 0.647397 0.686222 0.231507 -0.237448 -2.34196 1.80126 -1.39958 1 frame_006140.jpg

573 0.6437 0.682908 0.239609 -0.248747 -2.3707 1.81156 -1.36772 1 frame_006150.jpg

574 0.638858 0.674332 0.25284 -0.270571 -2.42561 1.82162 -1.28936 1 frame_006160.jpg

575 0.637633 0.669988 0.259742 -0.277624 -2.46076 1.81546 -1.27116 1 frame_006170.jpg

576 0.634287 0.659122 0.274919 -0.29607 -2.52943 1.8023 -1.18448 1 frame_006180.jpg

577 0.631379 0.641946 0.29959 -0.315455 -2.6426 1.749 -1.04344 1 frame_006190.jpg

578 0.617459 0.634435 0.325174 -0.332412 -2.73008 1.74338 -0.852209 1 frame_006200.jpg

579 0.608225 0.629225 0.340468 -0.34383 -2.78539 1.74358 -0.728008 1 frame_006210.jpg

580 0.596464 0.622714 0.360646 -0.355516 -2.84573 1.73061 -0.563429 1 frame_006220.jpg

581 0.59205 0.615161 0.370173 -0.366096 -2.87691 1.72507 -0.478084 1 frame_006230.jpg

582 0.589657 0.605542 0.379555 -0.376246 -2.90567 1.70782 -0.401398 1 frame_006240.jpg

583 0.590075 0.593254 0.387545 -0.386872 -2.93575 1.68388 -0.340687 1 frame_006250.jpg

584 0.586207 0.587418 0.39084 -0.398178 -2.93725 1.70733 -0.282391 1 frame_006260.jpg

585 0.583307 0.576751 0.397328 -0.411391 -2.95698 1.71396 -0.203701 1 frame_006270.jpg

586 0.586135 0.567034 0.40007 -0.418166 -2.9784 1.70723 -0.179487 1 frame_006280.jpg

587 0.588406 0.559016 0.401739 -0.424129 -2.98993 1.71377 -0.159966 1 frame_006290.jpg

588 0.594886 0.542942 0.391713 -0.444844 -2.96259 1.77709 -0.184965 1 frame_006300.jpg

589 0.606903 0.52534 0.386042 -0.454597 -2.98427 1.7699 -0.228373 1 frame_006310.jpg

590 0.622056 0.502642 0.379765 -0.464947 -3.00947 1.73579 -0.27799 1 frame_006320.jpg

591 0.625675 0.490259 0.373737 -0.478014 -3.00072 1.77477 -0.290774 1 frame_006330.jpg

592 0.636864 0.478515 0.357386 -0.487547 -2.98252 1.77807 -0.396908 1 frame_006340.jpg

593 0.643445 0.468129 0.347323 -0.496186 -2.97475 1.7869 -0.450964 1 frame_006350.jpg

594 0.651602 0.456364 0.332419 -0.506601 -2.95728 1.80359 -0.536793 1 frame_006360.jpg

595 0.656582 0.441182 0.320406 -0.521151 -2.93786 1.83404 -0.582716 1 frame_006370.jpg

596 0.663164 0.439165 0.315039 -0.517782 -2.93482 1.80717 -0.634532 1 frame_006380.jpg

597 0.640574 0.456805 0.337476 -0.516821 -2.94255 1.86554 -0.439765 1 frame_006390.jpg

598 0.605608 0.51063 0.376694 -0.480206 -2.96278 1.90096 -0.17353 1 frame_006400.jpg

599 0.588602 0.536671 0.397304 -0.455722 -2.97809 1.82136 -0.0477577 1 frame_006410.jpg

600 0.569954 0.559403 0.413414 -0.437389 -2.98027 1.76808 0.0722466 1 frame_006420.jpg

601 0.556484 0.578828 0.426583 -0.416306 -2.99557 1.69966 0.143187 1 frame_006430.jpg

602 0.526801 0.586148 0.453106 -0.416661 -3.00083 1.65917 0.403356 1 frame_006440.jpg

603 0.532041 0.613391 0.442646 -0.380458 -3.00529 1.58635 0.21896 1 frame_006450.jpg

604 0.515863 0.624584 0.456685 -0.367721 -3.02617 1.54128 0.31765 1 frame_006460.jpg

605 0.505489 0.634275 0.459024 -0.362593 -2.99985 1.53405 0.353863 1 frame_006470.jpg

606 0.490537 0.644833 0.467858 -0.353089 -2.99788 1.50966 0.426225 1 frame_006480.jpg

607 0.488182 0.652897 0.471139 -0.336797 -3.01557 1.45428 0.39743 1 frame_006490.jpg

608 0.480845 0.659918 0.473223 -0.33069 -3.00495 1.44384 0.410905 1 frame_006500.jpg

609 0.45758 0.681562 0.478158 -0.312185 -2.99983 1.43692 0.458539 1 frame_006510.jpg

610 0.45073 0.68929 0.474953 -0.310069 -2.96207 1.46906 0.457249 1 frame_006520.jpg

611 0.454923 0.697711 0.465152 -0.299797 -2.94787 1.49933 0.362252 1 frame_006530.jpg

612 0.458754 0.711367 0.448078 -0.287624 -2.90992 1.57135 0.23882 1 frame_006540.jpg

613 0.469185 0.722079 0.427829 -0.274642 -2.86492 1.63753 0.0818372 1 frame_006550.jpg

614 0.484497 0.733605 0.405101 -0.250958 -2.81627 1.6754 -0.129645 1 frame_006560.jpg

615 0.493518 0.745568 0.382117 -0.233568 -2.7442 1.73334 -0.291227 1 frame_006570.jpg

616 0.502755 0.753968 0.361602 -0.21912 -2.67957 1.77306 -0.43287 1 frame_006580.jpg

617 0.493671 0.773436 0.345202 -0.197285 -2.61377 1.82854 -0.488494 1 frame_006590.jpg

618 0.480503 0.794897 0.320687 -0.185513 -2.51696 1.94215 -0.517304 1 frame_006600.jpg

619 0.459095 0.823476 0.290466 -0.163553 -2.38489 2.08297 -0.542676 1 frame_006610.jpg

620 0.432616 0.84689 0.271908 -0.147267 -2.30251 2.18428 -0.470797 1 frame_006620.jpg

621 0.424437 0.863174 0.24431 -0.122865 -2.19238 2.25521 -0.521486 1 frame_006630.jpg

622 0.415477 0.875477 0.218244 -0.115275 -2.07394 2.34823 -0.522656 1 frame_006640.jpg

623 0.400241 0.890256 0.191969 -0.101973 -1.95897 2.44314 -0.507686 1 frame_006650.jpg

624 0.386588 0.903422 0.16202 -0.0901589 -1.82467 2.52902 -0.497905 1 frame_006660.jpg

625 0.371687 0.914221 0.145858 -0.0691017 -1.7395 2.58266 -0.516124 1 frame_006670.jpg

626 0.349702 0.926872 0.123029 -0.0589976 -1.64224 2.6586 -0.432775 1 frame_006680.jpg

627 0.337909 0.933297 0.112651 -0.0456484 -1.59774 2.68425 -0.415414 1 frame_006690.jpg

628 0.331785 0.937585 0.0984447 -0.0340844 -1.53856 2.71491 -0.422518 1 frame_006700.jpg

629 0.327478 0.941621 0.077588 -0.00942217 -1.44698 2.75557 -0.469963 1 frame_006710.jpg

630 0.325761 0.943827 0.0549836 0.00690034 -1.32515 2.80169 -0.516005 1 frame_006720.jpg

631 0.316179 0.94786 0.0339946 0.020884 -1.23606 2.85365 -0.501059 1 frame_006730.jpg

632 0.306884 0.950947 0.0124692 0.0369775 -1.15273 2.89529 -0.503921 1 frame_006740.jpg

633 0.2971 0.95371 -0.0059269 0.0461835 -1.07675 2.93679 -0.472303 1 frame_006750.jpg

634 0.286696 0.955663 -0.0283236 0.0609197 -0.98172 2.98049 -0.446392 1 frame_006760.jpg

635 0.28623 0.954202 -0.0533806 0.0687179 -0.856388 3.02354 -0.46467 1 frame_006770.jpg

636 0.292669 0.950138 -0.0785661 0.0735548 -0.715537 3.05818 -0.519137 1 frame_006780.jpg

637 0.303876 0.943705 -0.102238 0.0814105 -0.575214 3.08019 -0.607801 1 frame_006790.jpg

638 0.323656 0.934333 -0.126807 0.0786693 -0.441092 3.09391 -0.723937 1 frame_006800.jpg

639 0.341794 0.923332 -0.150854 0.0887578 -0.281213 3.08735 -0.857501 1 frame_006810.jpg

640 0.375732 0.904294 -0.177373 0.0980685 -0.105401 3.02839 -1.07332 1 frame_006820.jpg

641 0.406809 0.883924 -0.203287 0.108898 0.0743462 2.98267 -1.25275 1 frame_006830.jpg

645 -0.196721 -0.188908 0.681252 -0.679345 2.49562 1.73608 1.81801 1 frame_007240.jpg

646 -0.190156 -0.18803 0.694779 -0.667659 2.46474 1.63941 1.91379 1 frame_007250.jpg

647 -0.18138 -0.18005 0.713483 -0.652399 2.42475 1.51488 2.04306 1 frame_007260.jpg

648 -0.176859 -0.164617 0.73042 -0.638834 2.38941 1.36877 2.17263 1 frame_007270.jpg

649 -0.16072 -0.15693 0.749492 -0.622738 2.29791 1.23892 2.33027 1 frame_007280.jpg

650 -0.14193 -0.143628 0.771339 -0.603542 2.1944 1.07465 2.47858 1 frame_007290.jpg

651 -0.121577 -0.125197 0.78188 -0.598506 2.07685 0.934361 2.56433 1 frame_007300.jpg

652 -0.112464 -0.111982 0.794136 -0.586652 1.99101 0.80876 2.65228 1 frame_007310.jpg

653 -0.108411 -0.0967726 0.805865 -0.573989 1.91684 0.668221 2.72305 1 frame_007320.jpg

654 -0.0863167 -0.0787645 0.81896 -0.561828 1.74764 0.539232 2.84242 1 frame_007330.jpg

655 -0.0729278 -0.0535825 0.829249 -0.551503 1.60853 0.39969 2.93617 1 frame_007340.jpg

656 -0.0510864 -0.031958 0.837758 -0.542706 1.4203 0.299211 3.02527 1 frame_007350.jpg

657 -0.0289676 -0.00628772 0.840194 -0.541475 1.20852 0.252922 3.10759 1 frame_007360.jpg

658 -0.0270389 0.0070339 0.844674 -0.534552 1.1397 0.17461 3.13078 1 frame_007370.jpg

659 -0.0198037 0.0207688 0.84736 -0.530244 1.04646 0.121606 3.16483 1 frame_007380.jpg

660 -0.00579094 0.0359253 0.851003 -0.523898 0.907432 0.0619924 3.2066 1 frame_007390.jpg

661 0.00459254 0.0512825 0.860857 -0.506236 0.780119 -0.0831803 3.23101 1 frame_007400.jpg

662 0.0123549 0.059335 0.865599 -0.497058 0.693513 -0.154543 3.24119 1 frame_007410.jpg

663 0.0259924 0.0737462 0.865924 -0.494026 0.553308 -0.175795 3.26555 1 frame_007420.jpg

664 0.0443877 0.0922842 0.865188 -0.490881 0.371058 -0.196064 3.28745 1 frame_007430.jpg

665 0.0482927 0.106283 0.866317 -0.485661 0.284343 -0.236147 3.2947 1 frame_007440.jpg

666 0.0525989 0.120177 0.870366 -0.474609 0.194609 -0.318334 3.29082 1 frame_007450.jpg

667 0.0587765 0.126917 0.871232 -0.470522 0.126171 -0.343941 3.29017 1 frame_007460.jpg

668 0.0672952 0.129393 0.874327 -0.462905 0.0615407 -0.390588 3.28833 1 frame_007470.jpg

669 0.0794579 0.133368 0.881697 -0.445546 -0.0322778 -0.506509 3.27747 1 frame_007480.jpg

670 0.0814167 0.137774 0.884143 -0.438954 -0.0685848 -0.554003 3.27229 1 frame_007490.jpg

671 0.0852481 0.135968 0.883842 -0.439396 -0.0851963 -0.547389 3.27662 1 frame_007500.jpg

672 0.0789844 0.130261 0.888934 -0.431961 -0.0332455 -0.609933 3.2698 1 frame_007510.jpg

673 0.0827604 0.129676 0.896433 -0.415623 -0.0590329 -0.725785 3.24953 1 frame_007520.jpg

674 0.0836496 0.130869 0.898329 -0.410951 -0.0723516 -0.758828 3.24685 1 frame_007530.jpg

675 0.0818409 0.130635 0.898323 -0.411403 -0.0645599 -0.757208 3.24872 1 frame_007540.jpg

676 0.070771 0.122161 0.89986 -0.412698 0.0322274 -0.758921 3.24984 1 frame_007550.jpg

677 0.0680866 0.119408 0.898398 -0.417116 0.0623428 -0.729403 3.25538 1 frame_007560.jpg

678 0.0647859 0.114406 0.897506 -0.420948 0.108775 -0.70464 3.25885 1 frame_007570.jpg

679 0.0578426 0.110822 0.889193 -0.440123 0.171596 -0.570896 3.28578 1 frame_007580.jpg

680 0.0608484 0.115174 0.872234 -0.471423 0.153201 -0.329663 3.32041 1 frame_007590.jpg

681 0.074639 0.124046 0.861203 -0.487207 0.0505662 -0.188788 3.33646 1 frame_007600.jpg

682 0.0866134 0.13703 0.848948 -0.502999 -0.0587405 -0.0472709 3.34398 1 frame_007610.jpg

683 0.098113 0.152305 0.840495 -0.510632 -0.178914 0.0367444 3.34247 1 frame_007620.jpg

684 0.101255 0.163629 0.831359 -0.521359 -0.236383 0.13442 3.33897 1 frame_007630.jpg

685 0.107018 0.174555 0.820586 -0.533588 -0.306738 0.25193 3.33014 1 frame_007640.jpg

686 0.117617 0.189697 0.810811 -0.541079 -0.42258 0.340865 3.31218 1 frame_007650.jpg

687 0.117004 0.196492 0.797208 -0.558713 -0.439173 0.494214 3.29636 1 frame_007660.jpg

688 0.11692 0.200032 0.7822 -0.578343 -0.437969 0.658825 3.26803 1 frame_007670.jpg

689 0.12456 0.203487 0.772271 -0.588792 -0.482692 0.767673 3.24429 1 frame_007680.jpg

690 0.123467 0.19722 0.764132 -0.601633 -0.445603 0.874681 3.23606 1 frame_007690.jpg

691 0.128025 0.192475 0.752629 -0.616533 -0.441924 1.00583 3.20459 1 frame_007700.jpg

692 0.112537 0.157991 0.743047 -0.640511 -0.319401 1.15488 3.16566 1 frame_007710.jpg

693 0.105919 0.159754 0.731548 -0.654292 -0.275561 1.26214 3.13129 1 frame_007720.jpg

694 0.107022 0.160712 0.712908 -0.674152 -0.266896 1.41082 3.05746 1 frame_007730.jpg

695 0.110107 0.155443 0.700873 -0.68738 -0.264855 1.52063 3.00687 1 frame_007740.jpg

696 -0.10521 -0.149124 -0.68971 0.700709 -0.21624 1.62295 2.96105 1 frame_007750.jpg

697 -0.0950781 -0.138557 -0.683025 0.710802 -0.129416 1.73147 2.93485 1 frame_007760.jpg

698 -0.110955 -0.142029 -0.673587 0.716797 -0.202815 1.89428 2.89983 1 frame_007770.jpg

699 0.0186177 0.0305207 -0.602109 0.797613 1.21799 2.57881 2.15235 1 frame_007950.jpg

700 0.0231078 0.0355763 -0.630825 0.774765 1.26758 2.40502 2.29343 1 frame_007960.jpg

701 0.0412339 0.0450063 -0.654986 0.753171 1.39339 2.21117 2.39233 1 frame_007970.jpg

702 0.049853 0.0580767 -0.665424 0.742531 1.46703 2.09489 2.42561 1 frame_007980.jpg

703 0.0553442 0.0676112 -0.680386 0.727627 1.52087 1.95842 2.47145 1 frame_007990.jpg

704 0.0577069 0.0696623 -0.688393 0.719675 1.54518 1.89162 2.49878 1 frame_008000.jpg

705 0.0634371 0.0702673 -0.702362 0.705497 1.58751 1.76208 2.54487 1 frame_008010.jpg

706 -0.078082 -0.0750437 0.718567 -0.686973 1.68562 1.59157 2.56121 1 frame_008020.jpg

707 -0.083969 -0.0794156 0.73806 -0.664763 1.7265 1.39733 2.59681 1 frame_008030.jpg

708 -0.0962636 -0.0927831 0.752779 -0.644553 1.82128 1.2388 2.56978 1 frame_008040.jpg

709 -0.110213 -0.0961984 0.75927 -0.634119 1.90007 1.13293 2.52169 1 frame_008050.jpg

710 -0.110421 -0.0920697 0.762327 -0.631022 1.88844 1.09072 2.51087 1 frame_008060.jpg

711 -0.0973861 -0.0813161 0.773153 -0.621399 1.80404 1.01464 2.57148 1 frame_008070.jpg

712 -0.0974305 -0.0827844 0.776843 -0.616578 1.80808 0.986091 2.54016 1 frame_008080.jpg

713 -0.0941637 -0.0824969 0.775256 -0.619116 1.79305 1.00467 2.49616 1 frame_008090.jpg

714 -0.0938643 -0.0802694 0.778574 -0.61528 1.79074 0.995984 2.46804 1 frame_008100.jpg

715 -0.105344 -0.0773262 0.779975 -0.612014 1.84915 0.964312 2.3911 1 frame_008110.jpg

716 -0.102205 -0.0725263 0.78179 -0.610817 1.83861 0.957933 2.34719 1 frame_008120.jpg

717 -0.08965 -0.0665556 0.783025 -0.611887 1.77436 0.966763 2.32879 1 frame_008130.jpg

718 -0.100614 -0.0787154 0.779556 -0.613166 1.83794 0.995072 2.20993 1 frame_008140.jpg

719 -0.0930959 -0.0784575 0.77329 -0.622254 1.79332 1.06496 2.1511 1 frame_008150.jpg

720 -0.103441 -0.083754 0.761637 -0.634188 1.82819 1.15288 2.01801 1 frame_008160.jpg

721 -0.106838 -0.0894141 0.747946 -0.648974 1.82252 1.25999 1.891 1 frame_008170.jpg

722 -0.121077 -0.0922704 0.735818 -0.659847 1.87602 1.3283 1.76068 1 frame_008180.jpg

723 -0.128416 -0.0930628 0.727956 -0.66703 1.88935 1.35462 1.66137 1 frame_008190.jpg

724 -0.143336 -0.104866 0.725717 -0.664675 1.94533 1.36363 1.5416 1 frame_008200.jpg

725 -0.146335 -0.110771 0.726862 -0.661806 1.94804 1.37052 1.47431 1 frame_008210.jpg

726 -0.139143 -0.119432 0.719697 -0.669636 1.91318 1.46999 1.40706 1 frame_008220.jpg

727 -0.138569 -0.12549 0.716528 -0.672041 1.90436 1.49852 1.33701 1 frame_008230.jpg

728 -0.150419 -0.131011 0.714788 -0.67029 1.96223 1.52805 1.25267 1 frame_008240.jpg

729 -0.177603 -0.158048 0.705729 -0.667402 2.0627 1.54432 1.04893 1 frame_008250.jpg

730 -0.174075 -0.177039 0.710337 -0.658618 2.04859 1.57224 0.999786 1 frame_008260.jpg

731 -0.195948 -0.211016 0.721594 -0.629586 2.1239 1.54173 0.88119 1 frame_008270.jpg

732 -0.24002 -0.257087 0.700831 -0.620591 2.17403 1.58437 0.510434 1 frame_008280.jpg

733 -0.262563 -0.292576 0.685528 -0.612789 2.13937 1.63729 0.269468 1 frame_008290.jpg

734 -0.280875 -0.318915 0.67914 -0.598475 2.10956 1.65546 0.105105 1 frame_008300.jpg

735 -0.290994 -0.334279 0.674332 -0.590641 2.07723 1.67001 0.00813559 1 frame_008310.jpg

736 -0.301579 -0.354806 0.673853 -0.573659 2.06035 1.6753 -0.0826099 1 frame_008320.jpg

737 -0.321395 -0.373896 0.666723 -0.558917 2.04431 1.67206 -0.239829 1 frame_008330.jpg

738 -0.333575 -0.388235 0.660718 -0.549048 2.01726 1.6818 -0.364104 1 frame_008340.jpg

739 -0.347102 -0.404063 0.657781 -0.53252 1.99906 1.69531 -0.483548 1 frame_008350.jpg

740 -0.351981 -0.420288 0.653299 -0.522176 1.95949 1.74088 -0.577314 1 frame_008360.jpg

741 -0.373774 -0.43755 0.634258 -0.516294 1.89666 1.76266 -0.771959 1 frame_008370.jpg

742 -0.378674 -0.452728 0.630454 -0.504155 1.853 1.79929 -0.845715 1 frame_008380.jpg

743 -0.399151 -0.477656 0.609319 -0.491176 1.73186 1.8393 -1.03998 1 frame_008390.jpg

744 -0.41299 -0.499813 0.591921 -0.478807 1.60355 1.88531 -1.17928 1 frame_008400.jpg

745 -0.432372 -0.521238 0.570261 -0.464939 1.45113 1.91272 -1.33572 1 frame_008410.jpg

746 -0.445062 -0.544084 0.55238 -0.448072 1.30232 1.95529 -1.43496 1 frame_008420.jpg

747 0.45755 0.555743 -0.537224 0.439532 1.19896 1.95989 -1.51963 1 frame_008430.jpg

748 0.465454 0.560124 -0.526107 0.439119 1.13878 1.95226 -1.58064 1 frame_008440.jpg

749 0.476146 0.558428 -0.517773 0.439721 1.11248 1.92098 -1.64235 1 frame_008450.jpg

750 0.487956 0.563608 -0.506732 0.432977 1.06004 1.90719 -1.69879 1 frame_008460.jpg

751 0.494405 0.578117 -0.492347 0.423012 0.956526 1.93707 -1.73425 1 frame_008470.jpg

752 0.502765 0.589997 -0.475506 0.415963 0.850822 1.94767 -1.78075 1 frame_008480.jpg

753 0.501498 0.599828 -0.474712 0.404171 0.814268 1.98235 -1.75451 1 frame_008490.jpg

754 0.477571 0.612342 -0.495215 0.389518 0.854832 2.07609 -1.60765 1 frame_008500.jpg

755 0.46144 0.616979 -0.514092 0.376989 0.912571 2.12049 -1.49588 1 frame_008510.jpg

756 0.45678 0.616259 -0.523223 0.371234 0.947803 2.12275 -1.45276 1 frame_008520.jpg

757 0.444422 0.607262 -0.535298 0.383638 1.01973 2.11683 -1.39935 1 frame_008530.jpg

758 0.435228 0.596235 -0.547681 0.393861 1.09991 2.10035 -1.35309 1 frame_008540.jpg

759 0.445123 0.589711 -0.546464 0.394314 1.11196 2.05918 -1.39552 1 frame_008550.jpg

760 0.444978 0.58397 -0.549384 0.398937 1.13778 2.04133 -1.39487 1 frame_008560.jpg

761 0.44491 0.585459 -0.54843 0.398142 1.12659 2.04557 -1.39468 1 frame_008570.jpg

