335872
643076
643081
643083
643094
643097
643098
643099
643101
643102
643109
643113
643115
335920
335921
335922
335923
335924
335925
643122
643123
643128
335936
335937
335938
178242
643140
643141
643142
643148
178252
643154
643157
643158
643163
643164
643166
790626
643171
643172
790627
643175
790640
790641
790642
643187
790646
643194
643195
643199
643203
643204
643205
790660
790661
790662
643209
790671
643218
643219
643226
643227
643235
790694
790695
643248
643250
790710
790711
790712
493750
643258
493751
493752
493753
493754
493755
643265
493769
790731
790732
643278
643280
643281
178386
493783
493784
643290
643291
643292
493790
493798
493799
493803
643311
643312
643313
643314
493810
493816
643328
790787
643335
643336
493836
493837
336142
336143
336144
336145
336146
493838
493839
336149
336150
336151
643349
493846
643357
178464
493859
493860
643372
643373
643374
493871
643387
493884
643392
643398
643399
493894
493895
643408
643409
643415
493915
643422
643423
493922
493923
493935
643440
643441
643445
643446
493946
643455
643456
493957
643466
643467
643468
493968
493969
493970
643475
493985
643496
643497
643498
643499
493995
493996
493997
493998
643508
643509
643517
494013
643524
494025
494026
643536
494032
494033
494044
643551
643559
643560
494058
494059
494060
494061
643566
643567
494069
494076
643584
643585
643586
643587
494082
494083
494084
494092
643605
643606
643607
494101
494110
643623
643624
494119
494120
494121
494126
643632
643634
494134
643644
643646
643647
643648
643657
643658
643659
643660
494155
494156
494157
643669
494172
643676
643677
643678
643679
643686
643687
643688
643700
643710
643731
643732
643733
643740
643748
643749
643750
643761
643762
178867
178869
178870
643771
643781
643788
643796
643797
643798
643799
643806
643821
643822
643823
643838
643839
500483
643848
643849
500494
643855
643866
500513
643874
500514
500515
500522
500523
643894
500537
643907
643908
500549
500554
500565
500566
500567
500579
500592
500593
334714
500603
500604
334717
334715
334719
500606
500609
500610
500611
500612
500613
500624
500625
500626
500636
500648
500649
500650
500651
500656
500657
179121
179122
179124
179126
179127
179128
500665
500666
179129
334789
500678
500679
334790
334791
334792
334793
179146
179147
334795
179149
334796
500689
500690
500691
500692
500693
500694
334799
334794
179153
179155
334804
334806
334815
334797
334816
500711
500712
500713
500714
500722
500723
500728
500729
500730
500731
500732
500733
500743
500744
500745
500746
500747
500748
500754
500755
500756
500757
500758
500759
500760
500761
179230
179232
179233
179234
179235
500772
500773
500774
500775
179237
179240
500787
500788
500795
500796
500797
500798
500799
179261
179262
179263
500807
500808
500809
500810
500811
500812
500813
500822
500823
500824
500825
500826
179286
179287
179288
179289
179290
179291
179292
500834
500835
500836
500837
179293
179295
500845
500846
500854
500855
500856
500857
500865
500866
500867
500868
500869
500870
500871
500879
500880
500881
500882
500883
500884
500885
500886
500895
500896
500897
500904
500905
500906
500907
500908
500909
500910
500918
500919
500920
500921
500922
500923
500924
500925
500926
500927
500928
500939
500940
500947
500948
500949
500950
500951
500952
500953
500954
500965
500966
500967
500968
500969
500970
500971
500972
500973
500981
500982
500983
500984
500990
500991
500992
500993
500994
500995
179461
179462
179465
501003
501004
501012
746773
746774
501013
501014
746777
746778
501015
501016
501017
746782
746783
746784
501018
746786
501027
746788
501028
501029
501030
501031
501040
501041
501042
501043
501044
501045
501046
501047
501056
501057
501058
501066
501067
501068
501075
501076
501077
501078
501079
501091
501092
501093
501094
501095
501096
501097
501098
501106
501107
501108
501109
501110
501118
501119
501120
501121
501122
501123
501128
501129
501130
501131
501132
501133
501134
501144
501145
501146
501147
501148
501159
501160
501168
501169
501170
501171
501172
642484
642485
501182
501183
501184
501191
501192
501193
501194
501195
501202
501203
501204
501205
501206
501207
501208
501209
501215
501216
501217
501218
501230
501231
501232
501233
501234
501244
501245
501246
501253
501254
501255
501256
335371
335374
501264
501265
501266
501267
501268
501280
501286
501287
501288
335438
335439
335440
335441
335442
335444
335447
335449
335450
335451
335452
335453
335454
335455
335456
335466
642727
642742
642780
642781
642782
642783
642799
642800
642809
642810
642811
642812
642813
642823
642824
642831
642837
642850
642856
642858
642859
642868
642869
642870
642877
642878
642886
642887
642894
642895
642899
642902
179478
642904
642905
642921
642922
642923
642927
642931
642938
642939
642941
642942
642949
642951
642955
642958
642959
642966
642970
642978
642980
642988
642989
642991
642992
643002
643003
643007
643009
643011
643012
643018
335820
335821
643023
643025
643026
643027
643037
643039
643048
643049
643050
643051
643059
643060
